1000 1000
202 596 (59, 84, 54)
202 597 (62, 86, 56)
202 598 (65, 90, 61)
202 599 (67, 92, 62)
202 600 (72, 97, 67)
202 601 (74, 99, 69)
202 602 (77, 102, 72)
202 603 (79, 104, 74)
202 604 (81, 106, 76)
202 605 (83, 108, 78)
202 606 (86, 111, 81)
202 607 (88, 113, 83)
202 608 (93, 120, 89)
202 609 (94, 121, 90)
202 610 (96, 123, 92)
202 611 (98, 125, 94)
202 612 (100, 127, 96)
202 613 (103, 130, 99)
202 614 (104, 131, 100)
202 615 (104, 131, 100)
202 616 (104, 131, 100)
202 617 (104, 131, 100)
202 618 (105, 132, 101)
202 619 (106, 133, 102)
202 620 (106, 133, 102)
202 621 (106, 133, 102)
202 622 (107, 134, 103)
202 623 (108, 135, 104)
202 624 (106, 132, 103)
202 625 (106, 132, 105)
202 626 (106, 132, 105)
202 627 (105, 131, 104)
202 628 (103, 129, 102)
202 629 (101, 127, 100)
202 630 (100, 126, 99)
202 631 (99, 125, 98)
202 632 (94, 120, 95)
202 633 (91, 117, 92)
202 634 (88, 114, 89)
202 635 (84, 110, 85)
202 636 (79, 105, 80)
202 637 (75, 101, 76)
202 638 (71, 97, 72)
202 639 (66, 94, 69)
202 640 (61, 90, 64)
203 581 (66, 84, 58)
203 582 (71, 91, 64)
203 583 (75, 95, 68)
203 584 (79, 102, 74)
203 585 (82, 105, 79)
203 586 (87, 110, 84)
203 587 (90, 113, 87)
203 588 (93, 116, 90)
203 589 (96, 119, 93)
203 590 (100, 123, 97)
203 591 (104, 127, 99)
203 592 (110, 133, 104)
203 593 (112, 137, 107)
203 594 (116, 141, 111)
203 595 (120, 145, 115)
203 641 (120, 153, 126)
203 642 (117, 147, 121)
203 643 (111, 141, 115)
203 644 (105, 133, 110)
203 645 (100, 125, 103)
203 646 (93, 118, 96)
203 647 (88, 112, 90)
203 648 (81, 103, 82)
203 649 (76, 95, 75)
203 650 (70, 87, 68)
204 571 (62, 92, 54)
204 572 (66, 98, 59)
204 573 (72, 104, 63)
204 574 (77, 112, 70)
204 575 (83, 115, 76)
204 576 (98, 125, 92)
204 577 (103, 128, 98)
204 578 (110, 135, 105)
204 579 (117, 142, 112)
204 580 (123, 148, 118)
204 651 (123, 152, 132)
204 652 (113, 142, 122)
204 653 (99, 131, 110)
204 654 (86, 119, 98)
204 655 (78, 110, 89)
204 656 (69, 97, 82)
204 657 (62, 89, 74)
205 563 (67, 88, 57)
205 564 (74, 98, 66)
205 565 (82, 106, 74)
205 566 (91, 115, 83)
205 567 (95, 120, 88)
205 568 (106, 131, 99)
205 569 (112, 139, 104)
205 570 (122, 149, 114)
205 658 (113, 141, 126)
205 659 (101, 128, 113)
205 660 (87, 114, 99)
205 661 (75, 99, 85)
205 662 (63, 85, 72)
206 556 (61, 87, 54)
206 557 (67, 97, 62)
206 558 (77, 107, 71)
206 559 (86, 116, 80)
206 560 (103, 130, 97)
206 561 (109, 134, 104)
206 562 (118, 143, 113)
206 663 (113, 137, 121)
206 664 (95, 119, 103)
206 665 (83, 107, 91)
206 666 (68, 92, 76)
206 667 (54, 78, 62)
207 551 (72, 92, 64)
207 552 (84, 107, 78)
207 553 (95, 119, 87)
207 554 (108, 133, 101)
207 555 (121, 146, 114)
207 667 (114, 141, 126)
207 668 (97, 124, 109)
207 669 (78, 106, 91)
207 670 (62, 89, 74)
207 671 (52, 76, 62)
208 545 (58, 90, 51)
208 546 (71, 103, 64)
208 547 (85, 115, 79)
208 548 (98, 128, 92)
208 549 (114, 141, 108)
208 550 (128, 153, 121)
208 671 (112, 132, 121)
208 672 (92, 116, 102)
208 673 (76, 103, 88)
208 674 (62, 85, 71)
209 541 (71, 94, 65)
209 542 (86, 111, 81)
209 543 (98, 125, 92)
209 544 (113, 145, 106)
209 545 (124, 156, 117)
209 675 (101, 125, 111)
209 676 (85, 107, 94)
209 677 (66, 86, 75)
210 536 (59, 86, 51)
210 537 (74, 102, 64)
210 538 (93, 119, 82)
210 539 (110, 134, 98)
210 540 (126, 148, 112)
210 678 (94, 117, 107)
210 679 (78, 101, 91)
210 680 (56, 77, 68)
211 532 (65, 85, 57)
211 533 (80, 104, 72)
211 534 (99, 125, 90)
211 535 (112, 140, 102)
211 536 (130, 158, 120)
211 681 (93, 114, 105)
211 682 (73, 93, 84)
211 683 (55, 72, 64)
212 528 (59, 86, 53)
212 529 (71, 103, 66)
212 530 (92, 122, 86)
212 531 (113, 140, 107)
212 683 (106, 121, 114)
212 684 (85, 102, 92)
212 685 (65, 85, 74)
213 525 (75, 91, 64)
213 526 (94, 113, 83)
213 527 (111, 132, 101)
213 528 (125, 155, 119)
213 686 (88, 110, 98)
213 687 (69, 91, 79)
213 688 (50, 70, 62)
214 522 (80, 101, 68)
214 523 (99, 123, 87)
214 524 (117, 143, 106)
214 688 (96, 119, 109)
214 689 (77, 100, 90)
214 690 (57, 76, 70)
215 518 (71, 87, 61)
215 519 (88, 104, 75)
215 520 (109, 128, 96)
215 521 (125, 144, 112)
215 691 (86, 103, 97)
215 692 (67, 79, 75)
216 515 (68, 95, 62)
216 516 (87, 112, 80)
216 517 (109, 133, 101)
216 518 (132, 153, 122)
216 693 (87, 102, 97)
216 694 (66, 81, 76)
216 695 (47, 59, 55)
217 511 (63, 87, 51)
217 512 (82, 112, 76)
217 513 (98, 130, 93)
217 514 (118, 148, 112)
217 695 (90, 107, 101)
217 696 (66, 83, 77)
217 697 (47, 62, 57)
218 508 (67, 92, 53)
218 509 (86, 115, 71)
218 510 (112, 141, 95)
218 511 (133, 161, 120)
218 697 (86, 101, 96)
218 698 (66, 78, 74)
218 699 (47, 59, 55)
219 505 (75, 101, 66)
219 506 (97, 125, 87)
219 507 (118, 146, 108)
219 699 (85, 97, 93)
219 700 (62, 73, 69)
220 501 (64, 92, 52)
220 502 (84, 120, 76)
220 503 (105, 143, 96)
220 504 (132, 171, 126)
220 701 (82, 97, 92)
220 702 (58, 73, 68)
221 498 (68, 84, 55)
221 499 (87, 108, 75)
221 500 (111, 137, 100)
221 501 (135, 166, 125)
221 703 (77, 89, 85)
221 704 (55, 66, 62)
222 496 (80, 108, 67)
222 497 (105, 133, 92)
222 498 (133, 161, 121)
222 704 (92, 101, 98)
222 705 (74, 83, 80)
222 706 (53, 62, 59)
223 493 (81, 100, 68)
223 494 (107, 126, 94)
223 495 (127, 151, 115)
223 706 (85, 94, 91)
223 707 (67, 76, 73)
223 708 (48, 54, 52)
224 490 (75, 100, 62)
224 491 (98, 120, 82)
224 492 (126, 146, 109)
224 708 (78, 88, 87)
224 709 (58, 68, 67)
225 487 (67, 93, 56)
225 488 (91, 117, 78)
225 489 (114, 140, 101)
225 709 (85, 95, 94)
225 710 (65, 75, 74)
225 711 (49, 59, 58)
226 485 (93, 110, 78)
226 486 (120, 137, 103)
226 487 (140, 157, 123)
226 711 (80, 89, 88)
226 712 (59, 68, 67)
227 482 (83, 103, 66)
227 483 (108, 125, 89)
227 484 (134, 149, 116)
227 713 (70, 76, 76)
227 714 (50, 56, 56)
228 479 (67, 93, 54)
228 480 (95, 120, 81)
228 481 (121, 143, 105)
228 714 (78, 84, 84)
228 715 (62, 68, 68)
229 477 (79, 104, 65)
229 478 (107, 134, 93)
229 479 (134, 159, 120)
229 715 (86, 92, 92)
229 716 (67, 73, 73)
229 717 (49, 55, 55)
230 475 (92, 119, 78)
230 476 (124, 146, 108)
230 717 (74, 80, 80)
230 718 (54, 63, 62)
231 472 (76, 101, 62)
231 473 (102, 129, 86)
231 474 (130, 155, 113)
231 718 (79, 85, 85)
231 719 (62, 67, 67)
232 470 (83, 110, 67)
232 471 (112, 137, 95)
232 472 (145, 166, 127)
232 720 (69, 73, 74)
232 721 (52, 56, 57)
233 467 (66, 86, 49)
233 468 (91, 116, 74)
233 469 (118, 145, 102)
233 721 (71, 75, 76)
233 722 (58, 59, 62)
234 465 (67, 92, 50)
234 466 (101, 122, 83)
234 467 (129, 147, 109)
234 722 (77, 81, 84)
234 723 (63, 64, 68)
235 463 (73, 87, 54)
235 464 (103, 124, 85)
235 465 (129, 152, 110)
235 723 (78, 82, 85)
235 724 (66, 67, 69)
235 725 (50, 51, 53)
236 461 (83, 92, 65)
236 462 (113, 122, 91)
236 463 (138, 147, 116)
236 725 (69, 73, 76)
236 726 (50, 54, 55)
237 459 (75, 85, 58)
237 460 (110, 121, 91)
237 461 (141, 152, 122)
237 726 (66, 72, 72)
237 727 (53, 59, 59)
238 457 (71, 87, 50)
238 458 (101, 117, 80)
238 459 (132, 146, 111)
238 727 (68, 77, 76)
238 728 (52, 62, 61)
239 455 (63, 79, 43)
239 456 (99, 116, 74)
239 457 (130, 147, 105)
239 728 (73, 79, 79)
239 729 (57, 63, 63)
240 454 (94, 112, 74)
240 455 (123, 139, 100)
240 729 (74, 78, 79)
240 730 (62, 63, 65)
240 731 (47, 48, 50)
241 452 (85, 100, 67)
241 453 (118, 134, 98)
241 731 (62, 62, 64)
241 732 (45, 48, 49)
242 450 (78, 88, 62)
242 451 (109, 120, 90)
242 452 (143, 152, 123)
242 732 (61, 64, 65)
242 733 (46, 50, 51)
243 449 (101, 110, 79)
243 450 (137, 146, 117)
243 733 (61, 64, 65)
243 734 (45, 48, 49)
244 447 (83, 101, 62)
244 448 (127, 139, 103)
244 734 (61, 64, 67)
244 735 (47, 51, 54)
245 445 (72, 86, 53)
245 446 (109, 125, 88)
245 447 (143, 159, 122)
245 735 (62, 65, 68)
245 736 (47, 51, 52)
246 444 (100, 115, 74)
246 445 (135, 147, 109)
246 736 (62, 67, 67)
246 737 (48, 54, 54)
247 442 (83, 99, 62)
247 443 (117, 134, 92)
247 737 (62, 68, 68)
247 738 (49, 53, 54)
248 440 (67, 83, 45)
248 441 (104, 121, 77)
248 442 (141, 157, 118)
248 738 (62, 65, 68)
248 739 (48, 52, 55)
249 439 (88, 104, 67)
249 440 (128, 145, 101)
249 739 (61, 64, 67)
249 740 (47, 48, 52)
250 437 (73, 88, 55)
250 438 (111, 127, 88)
250 740 (62, 62, 66)
250 741 (47, 48, 52)
251 436 (92, 106, 71)
251 437 (131, 147, 110)
251 741 (59, 61, 64)
251 742 (44, 45, 48)
252 434 (78, 85, 54)
252 435 (116, 126, 91)
252 742 (57, 58, 62)
252 743 (44, 45, 48)
253 433 (92, 103, 71)
253 434 (133, 143, 106)
253 743 (56, 61, 63)
253 744 (37, 42, 43)
254 431 (69, 81, 45)
254 432 (109, 128, 83)
254 744 (53, 59, 59)
254 745 (40, 44, 45)
255 430 (90, 100, 65)
255 431 (130, 142, 102)
255 745 (52, 56, 57)
256 429 (104, 116, 78)
256 430 (147, 159, 119)
256 746 (55, 54, 59)
257 427 (81, 92, 58)
257 428 (123, 135, 99)
257 746 (66, 65, 70)
257 747 (50, 49, 54)
258 426 (93, 105, 67)
258 427 (137, 148, 108)
258 747 (64, 63, 68)
258 748 (45, 46, 50)
259 424 (66, 80, 45)
259 425 (107, 119, 81)
259 426 (152, 163, 123)
259 748 (57, 58, 62)
259 749 (42, 43, 46)
260 423 (80, 95, 56)
260 424 (129, 144, 101)
260 749 (57, 56, 62)
260 750 (42, 43, 46)
261 422 (96, 111, 72)
261 423 (137, 152, 109)
261 750 (53, 54, 58)
261 751 (44, 43, 47)
262 421 (107, 120, 77)
262 422 (146, 158, 118)
262 751 (53, 52, 57)
262 752 (45, 44, 48)
263 419 (73, 85, 47)
263 420 (122, 135, 91)
263 752 (53, 51, 56)
264 418 (83, 99, 63)
264 419 (133, 148, 109)
264 752 (58, 57, 62)
264 753 (46, 45, 50)
265 417 (89, 107, 69)
265 418 (136, 152, 115)
265 753 (53, 52, 57)
265 754 (41, 40, 45)
266 416 (92, 109, 65)
266 417 (138, 157, 112)
266 754 (50, 49, 55)
267 415 (102, 113, 81)
267 416 (151, 166, 123)
267 755 (46, 45, 51)
268 413 (67, 77, 50)
268 414 (112, 123, 91)
268 415 (157, 168, 136)
268 755 (51, 52, 57)
268 756 (43, 42, 47)
269 412 (72, 83, 53)
269 413 (118, 132, 97)
269 756 (50, 49, 55)
269 757 (40, 38, 45)
270 411 (76, 85, 58)
270 412 (125, 136, 104)
270 757 (47, 46, 52)
271 410 (78, 88, 62)
271 411 (123, 134, 104)
271 758 (44, 43, 47)
272 409 (80, 97, 63)
272 410 (127, 145, 107)
272 758 (52, 53, 57)
272 759 (46, 47, 51)
273 408 (89, 106, 72)
273 409 (134, 151, 115)
273 759 (51, 52, 56)
273 760 (38, 40, 44)
274 407 (91, 107, 70)
274 408 (144, 158, 122)
274 760 (48, 49, 53)
274 761 (36, 37, 42)
275 406 (107, 124, 82)
275 407 (154, 169, 128)
275 761 (45, 45, 49)
276 404 (65, 83, 45)
276 405 (111, 129, 87)
276 762 (42, 41, 45)
277 403 (77, 94, 58)
277 404 (122, 143, 102)
277 762 (48, 47, 52)
277 763 (38, 37, 43)
278 402 (77, 95, 57)
278 403 (127, 145, 107)
278 763 (45, 45, 49)
279 401 (91, 109, 69)
279 402 (141, 157, 120)
279 764 (38, 37, 43)
280 400 (97, 116, 71)
280 401 (143, 160, 118)
280 764 (45, 45, 49)
281 399 (101, 122, 81)
281 400 (151, 169, 129)
281 765 (40, 38, 44)
282 397 (64, 83, 51)
282 398 (111, 132, 93)
282 765 (45, 45, 49)
282 766 (35, 34, 40)
283 396 (69, 85, 56)
283 397 (123, 140, 108)
283 766 (41, 40, 45)
284 395 (85, 100, 69)
284 396 (133, 148, 119)
284 766 (45, 44, 48)
284 767 (35, 34, 40)
285 394 (90, 107, 71)
285 395 (141, 158, 122)
285 767 (40, 38, 44)
286 393 (103, 124, 83)
286 394 (148, 169, 126)
286 767 (45, 44, 48)
286 768 (36, 35, 41)
287 392 (108, 131, 89)
287 393 (154, 177, 135)
287 768 (41, 40, 45)
288 390 (73, 91, 49)
288 391 (122, 143, 100)
288 768 (46, 45, 49)
288 769 (36, 34, 40)
289 389 (80, 95, 56)
289 390 (133, 150, 106)
289 769 (41, 38, 44)
290 388 (92, 107, 68)
290 389 (141, 156, 117)
290 770 (35, 33, 38)
291 387 (98, 113, 74)
291 388 (153, 168, 127)
291 770 (41, 38, 44)
291 771 (32, 31, 35)
292 386 (110, 131, 88)
292 387 (160, 176, 137)
292 771 (37, 35, 41)
293 384 (68, 90, 51)
293 385 (112, 137, 95)
293 771 (43, 41, 45)
293 772 (32, 31, 35)
294 383 (72, 98, 53)
294 384 (126, 151, 109)
294 772 (37, 35, 41)
295 382 (89, 115, 70)
295 383 (136, 164, 116)
295 772 (42, 40, 45)
295 773 (32, 31, 35)
296 381 (100, 122, 83)
296 382 (146, 172, 127)
296 773 (36, 34, 40)
297 380 (108, 130, 91)
297 381 (156, 178, 139)
297 773 (38, 36, 42)
298 378 (67, 92, 50)
298 379 (116, 142, 97)
298 773 (41, 38, 44)
298 774 (32, 30, 34)
299 377 (76, 101, 62)
299 378 (124, 152, 104)
299 774 (35, 33, 38)
300 376 (84, 106, 68)
300 377 (134, 159, 119)
300 774 (38, 36, 42)
301 375 (94, 116, 78)
301 376 (148, 170, 132)
301 774 (42, 40, 45)
301 775 (32, 30, 34)
302 374 (94, 122, 81)
302 375 (146, 172, 133)
302 775 (35, 33, 38)
303 373 (108, 136, 95)
303 374 (157, 185, 144)
303 775 (37, 35, 41)
304 372 (121, 147, 100)
304 373 (170, 193, 149)
304 776 (33, 32, 37)
305 370 (71, 96, 56)
305 371 (123, 149, 104)
305 776 (36, 35, 41)
306 369 (71, 96, 56)
306 370 (130, 152, 114)
306 776 (40, 38, 44)
306 777 (32, 32, 36)
307 368 (79, 102, 56)
307 369 (134, 157, 113)
307 777 (35, 34, 40)
308 367 (80, 108, 61)
308 368 (141, 167, 119)
308 777 (38, 36, 42)
309 366 (86, 111, 69)
309 367 (142, 170, 122)
309 778 (34, 32, 37)
310 365 (91, 113, 74)
310 366 (145, 167, 129)
310 778 (36, 34, 40)
311 364 (87, 110, 64)
311 365 (151, 174, 132)
311 779 (32, 30, 34)
312 363 (88, 116, 67)
312 364 (151, 178, 127)
312 779 (33, 32, 36)
313 362 (92, 120, 72)
313 363 (151, 179, 128)
313 780 (32, 27, 32)
314 361 (84, 111, 66)
314 362 (146, 173, 128)
314 780 (32, 31, 35)
315 360 (88, 116, 68)
315 361 (147, 175, 127)
315 780 (35, 33, 38)
315 781 (28, 26, 31)
316 359 (84, 107, 63)
316 360 (146, 172, 124)
316 781 (31, 29, 33)
317 358 (80, 103, 62)
317 359 (144, 167, 121)
317 781 (32, 31, 35)
318 357 (75, 100, 58)
318 358 (136, 159, 115)
318 782 (27, 25, 30)
319 357 (128, 156, 108)
319 782 (28, 26, 31)
320 356 (123, 151, 102)
320 782 (35, 31, 34)
320 783 (24, 18, 23)
321 355 (113, 139, 94)
321 356 (171, 197, 150)
321 783 (28, 23, 27)
322 354 (105, 125, 88)
322 355 (173, 190, 154)
322 783 (32, 28, 32)
322 784 (24, 18, 23)
323 353 (100, 121, 78)
323 354 (166, 183, 147)
323 784 (26, 21, 25)
324 352 (88, 112, 64)
324 353 (155, 177, 130)
324 785 (24, 18, 23)
325 351 (71, 96, 54)
325 352 (142, 169, 116)
325 785 (28, 23, 27)
325 786 (24, 18, 23)
326 351 (124, 154, 102)
326 786 (27, 22, 26)
327 350 (110, 138, 87)
327 351 (182, 212, 160)
327 786 (30, 25, 29)
327 787 (24, 18, 23)
328 349 (103, 126, 80)
328 350 (168, 196, 145)
328 787 (27, 22, 28)
329 348 (93, 114, 71)
329 349 (155, 179, 131)
329 788 (23, 17, 24)
330 348 (144, 166, 117)
330 788 (26, 21, 27)
331 347 (125, 147, 100)
331 788 (27, 22, 28)
332 346 (106, 125, 80)
332 347 (176, 198, 151)
332 788 (27, 22, 28)
333 345 (83, 105, 59)
333 346 (156, 180, 132)
333 789 (21, 15, 22)
334 345 (127, 154, 101)
334 789 (22, 16, 23)
335 344 (106, 133, 78)
335 345 (177, 206, 150)
335 789 (24, 18, 25)
336 343 (83, 104, 62)
336 344 (157, 184, 129)
336 789 (24, 18, 23)
337 343 (129, 152, 106)
337 789 (24, 18, 23)
338 342 (103, 125, 79)
338 343 (180, 203, 157)
338 789 (24, 18, 23)
339 342 (150, 172, 125)
339 789 (24, 18, 23)
340 341 (122, 144, 98)
340 789 (25, 20, 24)
341 340 (83, 107, 59)
341 341 (162, 186, 136)
341 790 (20, 14, 21)
342 340 (126, 153, 100)
342 790 (21, 15, 22)
343 339 (88, 112, 62)
343 340 (163, 191, 140)
343 790 (22, 16, 23)
344 339 (133, 158, 101)
344 790 (22, 16, 23)
345 338 (101, 121, 68)
345 339 (171, 196, 141)
345 790 (22, 16, 23)
346 338 (150, 170, 121)
346 790 (24, 16, 24)
347 337 (117, 135, 93)
347 790 (24, 16, 24)
348 336 (85, 107, 62)
348 337 (162, 185, 141)
348 790 (24, 16, 24)
349 336 (131, 158, 107)
349 790 (24, 16, 24)
350 335 (107, 125, 85)
350 336 (178, 206, 155)
350 790 (24, 16, 24)
351 334 (82, 98, 62)
351 335 (156, 177, 136)
351 790 (23, 15, 23)
352 334 (133, 156, 110)
352 790 (24, 17, 22)
353 333 (107, 129, 83)
353 334 (179, 202, 156)
353 790 (25, 18, 23)
354 332 (77, 98, 57)
354 333 (155, 178, 132)
354 790 (25, 18, 23)
354 791 (21, 14, 18)
355 332 (120, 143, 99)
355 791 (22, 15, 20)
356 331 (90, 111, 70)
356 332 (167, 193, 148)
356 791 (23, 16, 21)
357 331 (133, 155, 108)
357 791 (24, 17, 22)
358 330 (101, 119, 71)
358 331 (176, 198, 149)
358 791 (23, 17, 22)
359 330 (143, 163, 110)
359 792 (17, 12, 16)
360 329 (101, 123, 74)
360 792 (21, 15, 20)
361 329 (142, 167, 112)
361 792 (22, 16, 21)
362 328 (106, 130, 80)
362 792 (22, 16, 21)
363 328 (148, 175, 124)
363 792 (23, 17, 22)
363 793 (17, 12, 16)
364 327 (114, 135, 96)
364 793 (18, 13, 20)
365 326 (75, 96, 55)
365 327 (156, 181, 139)
365 793 (20, 14, 21)
366 326 (116, 144, 95)
366 793 (21, 15, 22)
367 326 (160, 186, 138)
367 793 (22, 16, 23)
368 325 (123, 143, 92)
368 793 (20, 14, 18)
369 325 (154, 174, 123)
369 793 (20, 14, 18)
370 324 (103, 119, 74)
370 794 (17, 12, 16)
371 324 (134, 149, 106)
371 794 (18, 13, 17)
372 324 (165, 180, 139)
372 794 (17, 12, 16)
373 323 (108, 120, 80)
373 794 (16, 11, 15)
374 323 (141, 152, 109)
374 793 (21, 15, 20)
374 794 (15, 10, 14)
375 323 (167, 179, 133)
375 793 (17, 12, 16)
375 794 (15, 10, 14)
376 322 (107, 119, 73)
377 322 (134, 146, 100)
378 322 (165, 178, 135)
378 529 (225, 225, 223)
378 530 (227, 227, 227)
378 531 (228, 226, 229)
378 532 (227, 222, 226)
378 533 (219, 212, 219)
379 321 (101, 113, 75)
379 528 (222, 221, 219)
379 533 (228, 221, 228)
380 321 (124, 139, 98)
380 527 (230, 221, 222)
380 534 (222, 212, 221)
381 321 (147, 164, 122)
381 527 (234, 225, 226)
381 534 (224, 212, 222)
382 321 (173, 188, 147)
382 527 (231, 222, 223)
382 534 (222, 210, 222)
383 320 (106, 119, 76)
383 527 (230, 219, 223)
383 534 (220, 206, 219)
384 320 (130, 143, 100)
384 528 (239, 226, 236)
384 533 (234, 218, 231)
384 534 (218, 202, 215)
385 320 (144, 157, 114)
385 528 (235, 217, 229)
385 532 (242, 226, 239)
385 533 (226, 210, 221)
386 320 (163, 175, 135)
386 529 (233, 215, 227)
386 530 (238, 220, 232)
386 531 (237, 219, 231)
386 532 (229, 211, 223)
386 533 (218, 200, 212)
387 320 (179, 191, 153)
388 319 (108, 114, 80)
389 319 (125, 131, 95)
390 319 (143, 151, 114)
391 319 (157, 165, 128)
392 319 (169, 177, 138)
393 318 (93, 101, 61)
393 319 (182, 190, 151)
394 318 (108, 116, 75)
395 318 (120, 131, 89)
396 318 (136, 147, 105)
397 318 (150, 161, 119)
398 318 (164, 175, 133)
399 318 (176, 187, 147)
400 317 (95, 102, 68)
400 318 (187, 197, 163)
401 317 (102, 110, 73)
402 317 (111, 119, 82)
403 317 (118, 126, 89)
404 317 (124, 131, 97)
405 317 (127, 134, 100)
406 317 (129, 136, 102)
407 317 (130, 136, 102)
408 317 (131, 137, 103)
409 317 (131, 135, 102)
410 317 (128, 132, 99)
411 317 (124, 128, 95)
412 317 (121, 122, 90)
413 317 (115, 116, 84)
414 317 (108, 109, 77)
415 317 (105, 104, 76)
416 318 (190, 189, 161)
417 318 (183, 182, 151)
418 318 (173, 172, 142)
419 318 (163, 162, 131)
420 318 (153, 152, 122)
421 318 (143, 142, 111)
422 318 (134, 133, 103)
423 318 (127, 126, 95)
424 318 (115, 111, 82)
425 318 (110, 107, 76)
426 318 (102, 98, 69)
427 319 (185, 184, 156)
428 319 (180, 179, 151)
429 319 (174, 173, 145)
430 319 (167, 166, 138)
431 319 (161, 160, 132)
432 319 (152, 151, 121)
433 319 (144, 143, 112)
434 319 (132, 131, 101)
435 319 (122, 121, 91)
436 319 (113, 112, 84)
437 319 (104, 102, 77)
438 320 (184, 187, 160)
439 320 (176, 179, 152)
440 320 (168, 171, 142)
441 320 (161, 164, 135)
442 320 (152, 153, 122)
443 320 (141, 142, 111)
444 320 (131, 132, 100)
445 320 (119, 120, 88)
446 320 (106, 107, 73)
447 321 (188, 189, 157)
448 321 (179, 178, 147)
449 321 (170, 169, 138)
450 321 (156, 155, 125)
451 321 (142, 141, 113)
452 321 (130, 126, 101)
453 321 (116, 111, 89)
454 322 (186, 183, 166)
455 322 (177, 172, 153)
456 322 (158, 153, 134)
457 322 (139, 132, 114)
458 322 (115, 108, 90)
459 323 (182, 176, 160)
460 323 (162, 156, 140)
461 323 (136, 130, 114)
462 323 (108, 102, 86)
462 324 (185, 182, 165)
463 324 (172, 167, 147)
464 324 (144, 133, 111)
465 324 (121, 109, 85)
465 325 (193, 185, 164)
466 325 (169, 161, 142)
467 325 (141, 132, 115)
468 325 (112, 103, 86)
469 326 (174, 168, 154)
470 326 (143, 136, 118)
471 326 (115, 107, 88)
472 327 (175, 166, 151)
473 327 (152, 140, 124)
474 327 (118, 106, 92)
475 328 (177, 165, 153)
476 328 (146, 133, 117)
477 328 (117, 104, 85)
478 329 (168, 156, 140)
479 329 (141, 128, 112)
480 329 (113, 95, 81)
480 330 (190, 177, 171)
481 330 (166, 152, 143)
482 330 (135, 120, 113)
483 331 (183, 172, 166)
484 331 (159, 146, 138)
485 331 (129, 115, 106)
486 332 (173, 161, 147)
487 332 (147, 134, 118)
488 332 (105, 92, 75)
488 333 (192, 180, 166)
489 333 (159, 147, 133)
490 333 (118, 104, 93)
490 334 (194, 181, 173)
491 334 (164, 147, 139)
492 334 (124, 106, 96)
492 335 (200, 183, 175)
493 335 (164, 146, 134)
493 657 (195, 195, 203)
493 658 (192, 192, 200)
494 335 (121, 101, 90)
494 336 (193, 182, 176)
494 658 (198, 201, 208)
494 659 (196, 196, 204)
495 336 (161, 148, 140)
495 659 (200, 203, 212)
496 336 (120, 102, 90)
496 337 (192, 175, 165)
496 659 (201, 203, 215)
497 337 (158, 140, 128)
497 659 (202, 204, 217)
498 337 (111, 94, 87)
498 338 (181, 171, 162)
498 659 (206, 208, 221)
499 338 (142, 133, 124)
499 339 (200, 196, 184)
499 659 (208, 210, 223)
500 339 (177, 171, 157)
500 340 (211, 212, 198)
500 659 (205, 207, 220)
501 340 (42, 43, 27)
501 341 (87, 91, 74)
501 658 (219, 221, 234)
502 341 (52, 61, 40)
502 342 (114, 128, 105)
502 658 (217, 216, 230)
503 342 (76, 92, 65)
503 343 (142, 162, 135)
503 658 (215, 214, 228)
504 343 (99, 120, 89)
504 658 (214, 213, 227)
505 344 (133, 154, 123)
505 658 (219, 218, 232)
505 664 (179, 172, 180)
506 344 (91, 108, 76)
506 345 (156, 172, 143)
506 658 (218, 216, 230)
506 664 (177, 170, 178)
507 345 (123, 138, 107)
507 658 (209, 207, 220)
507 664 (173, 166, 173)
507 687 (100, 91, 96)
508 345 (79, 92, 64)
508 346 (138, 154, 128)
508 658 (206, 204, 217)
508 663 (179, 174, 180)
508 688 (96, 90, 94)
509 346 (102, 118, 91)
509 658 (209, 207, 220)
509 662 (192, 187, 193)
509 663 (175, 170, 174)
509 688 (97, 91, 95)
510 347 (122, 142, 114)
510 658 (208, 204, 218)
510 687 (102, 93, 98)
511 347 (87, 105, 79)
511 348 (145, 165, 138)
511 651 (225, 224, 230)
511 658 (201, 198, 207)
511 687 (98, 92, 96)
512 348 (113, 128, 107)
512 651 (219, 217, 220)
512 657 (209, 204, 210)
512 658 (191, 186, 192)
512 686 (100, 94, 98)
513 348 (75, 90, 71)
513 349 (133, 152, 130)
513 651 (214, 212, 213)
513 656 (213, 209, 210)
513 657 (200, 194, 198)
513 686 (99, 94, 98)
514 349 (101, 116, 95)
514 652 (207, 205, 206)
514 653 (206, 204, 205)
514 654 (203, 203, 201)
514 655 (203, 202, 200)
514 656 (196, 192, 193)
514 685 (103, 98, 104)
515 350 (121, 139, 117)
515 653 (196, 194, 195)
515 654 (192, 191, 189)
515 684 (106, 101, 107)
516 350 (83, 96, 78)
516 351 (145, 162, 143)
516 653 (192, 187, 191)
516 684 (106, 99, 106)
517 351 (104, 119, 100)
517 653 (188, 182, 186)
517 683 (110, 105, 111)
518 352 (122, 142, 115)
518 652 (189, 178, 184)
518 683 (109, 104, 110)
519 352 (75, 95, 68)
519 353 (138, 161, 133)
519 650 (198, 187, 193)
519 651 (190, 179, 185)
519 683 (108, 103, 109)
520 353 (88, 111, 82)
520 354 (151, 173, 150)
520 649 (200, 189, 193)
520 650 (191, 179, 183)
520 682 (111, 106, 113)
521 354 (109, 129, 102)
521 648 (199, 190, 193)
521 649 (193, 182, 186)
521 682 (113, 108, 115)
522 354 (64, 80, 54)
522 355 (130, 148, 124)
522 647 (195, 189, 189)
522 648 (190, 181, 182)
522 682 (114, 109, 116)
523 355 (86, 102, 76)
523 356 (147, 166, 146)
523 681 (119, 116, 123)
524 356 (110, 128, 106)
524 681 (118, 115, 124)
525 356 (67, 85, 62)
525 357 (134, 156, 133)
525 680 (123, 120, 129)
526 357 (89, 112, 86)
526 680 (122, 121, 129)
527 358 (116, 140, 114)
527 680 (121, 120, 128)
528 358 (72, 96, 62)
528 359 (147, 171, 147)
528 680 (125, 120, 127)
529 359 (103, 128, 99)
529 680 (126, 121, 128)
530 359 (61, 78, 56)
530 360 (129, 153, 127)
530 681 (120, 113, 120)
531 360 (80, 104, 72)
531 361 (148, 174, 145)
531 681 (118, 111, 118)
532 361 (100, 125, 93)
532 527 (159, 140, 126)
532 528 (153, 135, 123)
532 529 (152, 134, 122)
532 530 (151, 133, 121)
532 531 (151, 133, 123)
532 532 (152, 134, 124)
532 533 (153, 135, 125)
532 534 (154, 136, 126)
532 535 (156, 138, 128)
532 681 (116, 109, 116)
533 362 (119, 144, 114)
533 523 (156, 136, 125)
533 524 (155, 133, 120)
533 525 (152, 130, 117)
533 526 (148, 126, 112)
533 527 (143, 124, 110)
533 535 (148, 130, 120)
533 536 (152, 134, 124)
533 537 (155, 137, 127)
533 538 (158, 140, 130)
533 682 (109, 103, 107)
534 362 (72, 93, 62)
534 363 (136, 160, 128)
534 521 (152, 132, 121)
534 522 (148, 126, 115)
534 523 (144, 122, 111)
534 539 (155, 136, 129)
534 540 (159, 140, 133)
534 541 (165, 146, 139)
534 683 (104, 95, 100)
535 363 (87, 107, 72)
535 364 (149, 170, 139)
535 519 (159, 139, 130)
535 520 (148, 128, 117)
535 541 (158, 139, 132)
535 542 (162, 143, 136)
535 543 (163, 144, 137)
535 683 (102, 93, 98)
536 364 (95, 113, 75)
536 365 (155, 177, 141)
536 518 (154, 131, 123)
536 519 (145, 122, 114)
536 543 (160, 141, 135)
536 544 (162, 143, 137)
536 545 (164, 145, 139)
536 683 (100, 91, 96)
537 365 (105, 126, 87)
537 516 (162, 140, 129)
537 517 (154, 132, 121)
537 545 (163, 144, 138)
537 546 (166, 147, 141)
537 683 (99, 90, 95)
538 366 (111, 133, 95)
538 516 (151, 127, 117)
538 546 (163, 145, 141)
538 682 (104, 95, 100)
539 366 (62, 79, 44)
539 367 (114, 133, 101)
539 547 (166, 148, 144)
539 682 (103, 94, 99)
540 367 (68, 83, 52)
540 368 (127, 145, 119)
540 547 (166, 146, 145)
540 682 (99, 93, 97)
541 368 (75, 91, 62)
541 369 (132, 152, 124)
541 681 (105, 98, 105)
541 682 (98, 92, 96)
542 369 (83, 105, 67)
542 370 (133, 153, 125)
542 681 (101, 94, 101)
543 370 (88, 105, 73)
543 371 (144, 160, 134)
543 679 (112, 105, 112)
543 680 (107, 100, 107)
544 371 (93, 106, 78)
544 372 (145, 160, 137)
544 679 (113, 103, 111)
545 372 (101, 116, 87)
545 373 (147, 163, 137)
545 678 (118, 108, 116)
546 373 (106, 121, 92)
546 678 (111, 104, 111)
547 373 (63, 74, 45)
547 374 (113, 127, 94)
547 678 (103, 96, 103)
548 374 (70, 81, 47)
548 375 (118, 131, 101)
548 678 (103, 96, 103)
549 375 (73, 84, 54)
549 376 (125, 137, 113)
549 678 (108, 101, 108)
550 376 (83, 96, 68)
550 377 (124, 138, 112)
550 678 (109, 102, 109)
551 377 (90, 105, 74)
551 378 (135, 151, 124)
551 678 (105, 98, 105)
552 378 (89, 105, 76)
552 379 (138, 154, 128)
552 678 (109, 102, 109)
553 379 (98, 113, 84)
553 380 (145, 159, 134)
554 380 (108, 121, 91)
555 380 (68, 77, 48)
555 381 (115, 126, 94)
556 381 (72, 81, 52)
556 382 (122, 133, 103)
557 382 (79, 89, 62)
557 383 (129, 142, 116)
558 383 (84, 97, 71)
558 384 (131, 143, 119)
559 384 (93, 103, 76)
559 385 (132, 145, 119)
560 385 (97, 108, 76)
560 386 (144, 152, 131)
561 386 (105, 113, 90)
561 387 (148, 155, 137)
562 387 (110, 119, 92)
563 387 (65, 74, 45)
563 388 (115, 124, 97)
564 388 (79, 85, 59)
564 389 (123, 128, 105)
565 389 (80, 86, 61)
565 390 (126, 134, 110)
566 390 (90, 99, 70)
566 391 (132, 142, 115)
567 391 (89, 100, 70)
567 392 (139, 149, 125)
568 392 (97, 106, 77)
568 393 (140, 149, 122)
569 393 (98, 107, 78)
569 394 (140, 148, 124)
570 394 (105, 111, 85)
571 395 (103, 109, 83)
572 395 (66, 70, 45)
572 396 (112, 118, 90)
573 396 (68, 72, 47)
573 397 (111, 117, 91)
574 397 (71, 76, 53)
574 398 (114, 123, 92)
575 398 (72, 78, 50)
575 399 (116, 122, 94)
576 399 (74, 77, 56)
576 400 (122, 129, 95)
577 400 (81, 88, 54)
577 401 (118, 128, 91)
578 401 (82, 88, 62)
578 402 (126, 131, 109)
579 402 (86, 91, 69)
579 403 (128, 132, 109)
580 403 (90, 94, 69)
580 404 (131, 135, 108)
581 404 (95, 100, 70)
581 405 (133, 137, 110)
582 405 (96, 101, 71)
582 406 (129, 135, 109)
583 406 (101, 108, 77)
583 407 (132, 138, 110)
584 407 (96, 103, 72)
584 408 (132, 136, 109)
585 408 (99, 103, 76)
585 409 (129, 133, 110)
585 690 (36, 28, 31)
586 409 (95, 99, 76)
586 410 (126, 129, 110)
586 690 (35, 27, 30)
587 410 (95, 98, 79)
587 690 (36, 28, 31)
588 410 (58, 62, 43)
588 411 (97, 100, 81)
588 690 (35, 30, 32)
589 411 (57, 61, 42)
589 412 (99, 102, 81)
589 690 (34, 29, 31)
590 412 (62, 66, 46)
590 413 (98, 103, 81)
590 690 (32, 27, 29)
591 413 (61, 65, 45)
591 414 (103, 108, 86)
591 689 (38, 32, 34)
592 414 (63, 65, 51)
592 415 (101, 104, 85)
592 689 (34, 29, 29)
593 415 (63, 66, 49)
593 416 (99, 105, 79)
593 688 (40, 33, 33)
594 416 (62, 65, 46)
594 417 (103, 108, 86)
594 687 (42, 35, 37)
595 417 (64, 67, 50)
595 418 (103, 106, 85)
595 683 (65, 56, 59)
595 684 (56, 50, 52)
595 685 (50, 45, 46)
595 686 (45, 38, 41)
596 418 (66, 68, 46)
596 419 (106, 109, 82)
596 681 (75, 66, 69)
596 682 (68, 59, 62)
597 419 (70, 72, 48)
597 420 (110, 114, 87)
597 681 (71, 62, 65)
598 420 (73, 77, 52)
598 421 (107, 111, 86)
598 680 (77, 66, 70)
599 421 (76, 80, 55)
599 422 (115, 121, 95)
599 679 (78, 69, 74)
600 422 (76, 82, 54)
600 423 (118, 124, 98)
600 678 (82, 73, 78)
600 679 (71, 62, 67)
601 423 (82, 88, 61)
601 424 (122, 128, 102)
601 677 (83, 76, 83)
601 678 (74, 65, 70)
602 424 (91, 96, 66)
602 425 (122, 126, 99)
602 677 (76, 69, 76)
603 425 (94, 99, 69)
603 676 (82, 75, 82)
604 425 (58, 61, 36)
604 426 (97, 99, 78)
604 676 (80, 73, 80)
605 426 (62, 64, 44)
605 427 (103, 104, 86)
605 675 (98, 93, 99)
606 427 (67, 69, 48)
606 428 (102, 106, 83)
606 675 (95, 89, 93)
606 686 (48, 47, 55)
606 687 (46, 45, 53)
607 428 (73, 77, 52)
607 429 (111, 115, 92)
607 674 (101, 95, 99)
607 684 (52, 49, 56)
607 685 (52, 51, 59)
607 688 (49, 45, 50)
608 429 (72, 74, 53)
608 430 (113, 115, 94)
608 674 (98, 88, 96)
608 682 (57, 54, 62)
608 683 (57, 54, 62)
608 689 (50, 41, 42)
609 430 (82, 81, 62)
609 431 (118, 117, 99)
609 673 (102, 91, 97)
609 674 (87, 76, 84)
609 680 (58, 55, 64)
609 681 (59, 56, 65)
609 689 (51, 40, 40)
610 431 (87, 86, 68)
610 432 (122, 123, 105)
610 673 (97, 86, 92)
610 674 (88, 77, 85)
610 689 (49, 37, 37)
611 432 (88, 90, 68)
611 674 (97, 87, 95)
611 689 (43, 32, 32)
612 432 (52, 54, 31)
612 433 (94, 96, 72)
612 673 (105, 95, 103)
612 674 (100, 90, 98)
612 688 (50, 41, 42)
613 433 (58, 62, 37)
613 434 (100, 101, 83)
613 673 (106, 96, 104)
613 688 (43, 33, 34)
614 434 (64, 67, 46)
614 435 (104, 107, 88)
614 673 (105, 98, 105)
614 687 (53, 45, 45)
615 435 (71, 75, 52)
615 436 (112, 116, 93)
615 673 (105, 98, 105)
615 687 (49, 40, 38)
616 436 (76, 80, 55)
616 437 (115, 119, 94)
616 673 (106, 99, 106)
616 686 (52, 43, 42)
617 437 (85, 89, 62)
617 438 (120, 124, 101)
617 673 (104, 97, 104)
617 685 (56, 48, 46)
617 686 (47, 37, 36)
618 438 (90, 94, 67)
618 672 (107, 100, 107)
618 685 (51, 42, 41)
619 438 (54, 58, 33)
619 439 (100, 104, 77)
619 672 (107, 100, 107)
619 684 (53, 45, 44)
619 685 (45, 35, 34)
620 439 (64, 68, 45)
620 440 (103, 106, 85)
620 672 (107, 100, 107)
620 683 (55, 49, 49)
620 684 (48, 40, 41)
621 440 (68, 71, 52)
621 441 (112, 115, 98)
621 672 (107, 100, 107)
621 683 (51, 45, 45)
622 441 (77, 81, 64)
622 442 (113, 116, 97)
622 672 (106, 97, 102)
622 682 (55, 49, 49)
622 683 (45, 40, 40)
623 442 (84, 87, 68)
623 672 (104, 95, 98)
623 682 (51, 45, 45)
624 443 (92, 95, 78)
624 672 (105, 95, 96)
624 681 (55, 51, 52)
625 443 (61, 62, 48)
625 444 (100, 104, 87)
625 672 (102, 92, 93)
625 681 (53, 49, 50)
626 444 (65, 69, 54)
626 445 (108, 113, 93)
626 672 (100, 89, 93)
626 681 (52, 46, 50)
627 445 (74, 78, 62)
627 446 (113, 118, 98)
627 672 (98, 89, 92)
627 681 (50, 45, 48)
628 446 (78, 81, 64)
628 447 (117, 121, 104)
628 671 (98, 89, 92)
628 672 (96, 87, 90)
628 680 (62, 53, 58)
628 686 (30, 22, 32)
629 447 (88, 91, 74)
629 669 (104, 95, 96)
629 670 (100, 91, 94)
629 671 (95, 86, 89)
629 680 (58, 49, 54)
629 686 (31, 23, 33)
630 447 (53, 55, 42)
630 448 (95, 103, 79)
630 668 (102, 93, 96)
630 669 (99, 90, 93)
630 680 (58, 47, 51)
630 686 (29, 24, 31)
631 448 (61, 68, 45)
631 449 (103, 113, 88)
631 666 (108, 99, 102)
631 667 (104, 95, 98)
631 668 (99, 90, 93)
631 679 (69, 58, 62)
631 685 (32, 27, 29)
632 449 (70, 78, 54)
632 450 (114, 122, 101)
632 665 (109, 100, 105)
632 666 (105, 96, 101)
632 679 (66, 57, 61)
632 685 (33, 29, 25)
633 450 (83, 91, 70)
633 665 (104, 95, 100)
633 678 (72, 63, 68)
633 684 (38, 33, 30)
634 451 (94, 99, 79)
634 664 (105, 96, 101)
634 665 (101, 92, 97)
634 676 (86, 80, 82)
634 677 (74, 68, 70)
634 684 (40, 33, 35)
635 451 (58, 63, 44)
635 452 (105, 110, 90)
635 662 (108, 99, 104)
635 663 (107, 98, 103)
635 664 (104, 95, 100)
635 675 (76, 71, 67)
635 683 (46, 40, 47)
636 452 (68, 71, 52)
636 453 (112, 115, 96)
636 672 (87, 79, 68)
636 673 (79, 71, 58)
636 674 (68, 62, 50)
636 683 (45, 40, 51)
637 453 (76, 80, 57)
637 454 (122, 127, 105)
637 671 (82, 72, 70)
637 683 (53, 47, 59)
638 454 (86, 92, 64)
638 455 (125, 130, 107)
638 670 (79, 71, 69)
638 680 (69, 67, 80)
638 683 (59, 54, 62)
639 455 (96, 102, 76)
639 669 (83, 73, 72)
639 677 (55, 53, 66)
639 678 (66, 64, 78)
639 679 (74, 72, 85)
639 683 (57, 51, 55)
640 455 (53, 58, 36)
640 456 (104, 110, 84)
640 668 (87, 75, 79)
640 676 (59, 62, 74)
640 677 (67, 70, 85)
640 683 (58, 44, 46)
641 456 (68, 74, 48)
641 457 (109, 115, 87)
641 668 (86, 73, 80)
641 674 (61, 61, 72)
641 675 (67, 69, 82)
641 676 (74, 77, 92)
641 682 (74, 58, 59)
642 457 (74, 77, 56)
642 458 (121, 124, 105)
642 667 (91, 80, 84)
642 673 (67, 64, 73)
642 674 (75, 73, 84)
642 682 (63, 51, 53)
643 458 (84, 87, 68)
643 459 (125, 128, 109)
643 667 (87, 78, 79)
643 673 (79, 78, 86)
643 681 (69, 61, 63)
643 688 (29, 22, 29)
644 459 (90, 93, 72)
644 667 (82, 74, 72)
644 672 (86, 85, 91)
644 680 (70, 64, 68)
644 687 (35, 31, 37)
644 688 (32, 25, 32)
645 459 (58, 62, 41)
645 460 (105, 111, 85)
645 665 (87, 78, 71)
645 666 (81, 72, 67)
645 672 (85, 88, 97)
645 679 (77, 68, 69)
645 687 (40, 34, 41)
646 460 (69, 75, 49)
646 461 (111, 116, 93)
646 662 (87, 75, 63)
646 663 (83, 71, 57)
646 664 (76, 64, 52)
646 665 (70, 57, 48)
646 671 (75, 78, 83)
646 672 (82, 86, 98)
646 678 (81, 71, 72)
646 687 (40, 33, 37)
647 461 (78, 83, 61)
647 462 (121, 129, 106)
647 660 (87, 73, 62)
647 661 (79, 65, 52)
647 662 (70, 57, 42)
647 671 (66, 70, 81)
647 672 (81, 88, 104)
647 678 (83, 71, 71)
647 687 (37, 29, 32)
648 462 (83, 91, 67)
648 658 (91, 72, 65)
648 659 (79, 62, 52)
648 671 (76, 83, 101)
648 672 (89, 97, 118)
648 676 (95, 84, 90)
648 677 (92, 80, 84)
648 686 (46, 37, 41)
648 687 (40, 30, 31)
649 463 (98, 104, 78)
649 656 (96, 75, 70)
649 657 (85, 66, 59)
649 658 (70, 53, 45)
649 670 (74, 81, 99)
649 671 (93, 101, 122)
649 673 (105, 111, 133)
649 675 (109, 103, 115)
649 676 (102, 92, 100)
649 686 (45, 35, 36)
650 463 (57, 63, 37)
650 464 (110, 115, 92)
650 656 (78, 61, 56)
650 668 (53, 58, 77)
650 669 (75, 83, 102)
650 670 (96, 107, 127)
650 676 (113, 103, 111)
650 686 (45, 31, 31)
651 464 (73, 78, 55)
651 465 (116, 121, 101)
651 655 (82, 62, 63)
651 667 (62, 66, 88)
651 668 (84, 91, 110)
651 676 (117, 107, 115)
651 685 (51, 41, 45)
652 465 (80, 85, 65)
652 466 (126, 129, 112)
652 655 (75, 55, 57)
652 665 (62, 64, 87)
652 666 (81, 83, 106)
652 676 (114, 103, 109)
652 685 (49, 38, 43)
653 466 (91, 94, 75)
653 568 (140, 122, 112)
653 569 (134, 116, 104)
653 570 (129, 111, 99)
653 571 (127, 109, 97)
653 572 (126, 108, 96)
653 573 (125, 107, 97)
653 574 (127, 109, 99)
653 575 (128, 111, 103)
653 576 (128, 114, 105)
653 577 (131, 118, 110)
653 654 (92, 72, 74)
653 663 (63, 65, 86)
653 664 (82, 84, 105)
653 676 (107, 96, 100)
653 684 (55, 46, 49)
653 685 (40, 29, 32)
654 466 (55, 58, 37)
654 467 (99, 102, 81)
654 567 (130, 110, 101)
654 568 (123, 103, 92)
654 577 (113, 100, 92)
654 654 (93, 73, 75)
654 660 (63, 62, 75)
654 661 (72, 71, 87)
654 662 (84, 86, 101)
654 675 (122, 110, 112)
654 684 (46, 37, 41)
655 467 (64, 68, 45)
655 468 (108, 112, 87)
655 566 (125, 106, 102)
655 567 (112, 93, 87)
655 577 (90, 78, 78)
655 654 (90, 71, 75)
655 655 (64, 47, 53)
655 657 (61, 52, 67)
655 658 (69, 63, 77)
655 659 (78, 74, 88)
655 660 (84, 82, 95)
655 674 (125, 111, 108)
655 675 (105, 94, 92)
656 468 (65, 69, 43)
656 469 (112, 116, 89)
656 566 (108, 92, 95)
656 657 (75, 71, 85)
656 658 (84, 81, 92)
656 673 (129, 111, 107)
656 674 (113, 100, 94)
656 686 (27, 26, 32)
656 687 (24, 23, 31)
657 469 (76, 80, 53)
657 470 (113, 118, 95)
657 566 (110, 95, 102)
657 567 (97, 84, 94)
657 577 (116, 108, 129)
657 578 (124, 117, 135)
657 579 (129, 122, 138)
657 580 (133, 125, 140)
657 671 (130, 119, 115)
657 672 (124, 110, 107)
657 673 (111, 96, 93)
657 688 (37, 34, 42)
658 470 (79, 83, 61)
658 471 (122, 126, 103)
658 567 (110, 94, 105)
658 568 (107, 93, 106)
658 569 (106, 94, 108)
658 570 (108, 97, 113)
658 571 (108, 99, 116)
658 572 (108, 101, 117)
658 573 (110, 103, 121)
658 574 (115, 108, 126)
658 575 (120, 113, 129)
658 576 (127, 121, 133)
658 577 (132, 126, 136)
658 581 (149, 142, 150)
658 582 (152, 142, 151)
658 668 (126, 117, 110)
658 669 (123, 114, 107)
658 670 (119, 108, 102)
658 689 (45, 37, 45)
659 471 (86, 90, 67)
659 569 (121, 109, 121)
659 583 (164, 154, 163)
659 584 (161, 149, 159)
659 585 (158, 147, 155)
659 667 (116, 107, 100)
659 690 (31, 27, 28)
660 472 (96, 99, 72)
660 585 (165, 153, 163)
660 586 (160, 147, 156)
660 689 (41, 32, 34)
661 472 (61, 62, 38)
661 473 (105, 108, 81)
661 587 (161, 148, 155)
661 688 (44, 35, 33)
661 689 (32, 24, 25)
662 473 (68, 70, 46)
662 474 (108, 110, 86)
662 587 (166, 151, 156)
662 687 (45, 31, 28)
662 688 (33, 24, 23)
663 474 (74, 76, 52)
663 475 (116, 118, 94)
663 587 (166, 152, 152)
663 588 (153, 139, 139)
663 686 (50, 35, 32)
663 687 (37, 24, 21)
664 475 (76, 78, 56)
664 476 (120, 122, 101)
664 587 (163, 148, 145)
664 685 (51, 41, 36)
664 686 (37, 24, 24)
665 476 (83, 85, 64)
665 477 (117, 119, 98)
665 569 (139, 125, 125)
665 570 (142, 128, 128)
665 586 (164, 149, 142)
665 587 (151, 136, 131)
665 684 (53, 45, 37)
665 685 (37, 29, 24)
666 477 (86, 88, 67)
666 570 (135, 121, 120)
666 571 (138, 124, 123)
666 572 (143, 129, 128)
666 584 (168, 155, 139)
666 585 (159, 145, 132)
666 586 (147, 133, 124)
666 683 (55, 45, 41)
666 684 (37, 28, 26)
667 477 (52, 53, 35)
667 478 (90, 93, 64)
667 573 (138, 124, 121)
667 574 (141, 130, 126)
667 575 (147, 134, 128)
667 576 (154, 140, 131)
667 577 (160, 143, 133)
667 578 (164, 148, 135)
667 579 (168, 152, 137)
667 580 (172, 156, 140)
667 581 (171, 158, 141)
667 582 (164, 151, 134)
667 583 (155, 142, 125)
667 584 (146, 133, 117)
667 682 (54, 41, 37)
667 683 (42, 31, 29)
668 478 (51, 53, 32)
668 479 (89, 91, 67)
668 578 (142, 128, 115)
669 479 (52, 54, 33)
669 480 (88, 90, 69)
670 480 (51, 55, 32)
670 481 (82, 86, 59)
670 683 (35, 32, 32)
671 481 (50, 52, 29)
671 482 (83, 85, 63)
671 683 (34, 31, 30)
672 483 (81, 80, 61)
672 484 (107, 106, 85)
672 683 (33, 28, 28)
673 484 (77, 76, 55)
673 485 (105, 104, 83)
673 682 (38, 30, 31)
674 485 (72, 71, 51)
674 486 (100, 99, 78)
674 681 (40, 31, 32)
675 486 (68, 67, 47)
675 487 (95, 94, 73)
675 680 (42, 32, 33)
676 487 (57, 56, 35)
676 488 (91, 91, 65)
676 679 (41, 32, 31)
677 489 (81, 81, 55)
677 490 (105, 105, 79)
677 678 (43, 34, 32)
678 490 (77, 77, 53)
678 491 (98, 97, 76)
678 676 (48, 38, 37)
678 677 (45, 34, 33)
679 491 (66, 65, 45)
679 492 (90, 89, 69)
679 675 (48, 38, 36)
680 493 (80, 79, 58)
680 494 (99, 99, 75)
680 673 (55, 45, 44)
680 674 (50, 41, 40)
681 494 (70, 70, 46)
681 495 (87, 87, 63)
681 670 (65, 56, 57)
681 671 (61, 51, 52)
681 672 (55, 45, 45)
682 496 (71, 70, 52)
682 497 (82, 81, 63)
682 668 (69, 61, 62)
682 669 (65, 56, 57)
683 498 (67, 65, 50)
683 499 (78, 76, 62)
683 561 (97, 85, 73)
683 562 (96, 84, 72)
683 563 (95, 83, 71)
683 564 (94, 82, 70)
683 565 (94, 82, 70)
683 566 (95, 83, 71)
683 567 (94, 82, 70)
683 568 (95, 83, 71)
683 569 (97, 85, 73)
683 570 (97, 87, 75)
683 571 (98, 88, 76)
683 572 (100, 90, 78)
683 573 (101, 91, 79)
683 574 (102, 92, 80)
683 666 (74, 65, 66)
683 667 (69, 61, 62)
684 500 (64, 62, 46)
684 501 (72, 69, 54)
684 559 (97, 82, 77)
684 560 (91, 78, 69)
684 574 (94, 84, 72)
684 575 (97, 87, 77)
684 576 (99, 88, 82)
684 577 (101, 90, 86)
684 578 (102, 91, 87)
684 579 (103, 92, 88)
684 663 (79, 73, 75)
684 664 (79, 70, 71)
684 665 (75, 66, 67)
685 502 (62, 56, 41)
685 503 (70, 64, 48)
685 504 (79, 73, 57)
685 558 (97, 82, 79)
685 559 (92, 77, 74)
685 580 (99, 88, 84)
685 581 (101, 90, 86)
685 582 (103, 92, 90)
685 583 (104, 93, 91)
685 584 (104, 93, 91)
685 585 (105, 94, 92)
685 652 (105, 104, 118)
685 653 (112, 111, 125)
685 654 (115, 114, 128)
685 655 (116, 116, 128)
685 656 (116, 113, 124)
685 657 (113, 107, 117)
685 659 (98, 93, 100)
685 660 (92, 85, 92)
685 661 (86, 80, 84)
685 662 (80, 74, 76)
686 504 (57, 51, 35)
686 505 (64, 58, 43)
686 506 (72, 65, 49)
686 558 (94, 79, 76)
686 559 (87, 71, 71)
686 649 (104, 103, 119)
686 650 (111, 110, 126)
686 651 (114, 116, 131)
686 659 (99, 94, 101)
687 507 (61, 52, 42)
687 508 (67, 62, 49)
687 559 (84, 70, 70)
687 658 (110, 105, 111)
687 659 (98, 91, 98)
688 509 (54, 47, 37)
688 510 (62, 54, 45)
688 511 (66, 59, 49)
688 560 (82, 67, 72)
688 561 (77, 64, 71)
688 562 (74, 62, 68)
688 658 (108, 102, 106)
689 511 (50, 45, 32)
689 512 (55, 49, 37)
689 513 (61, 54, 43)
689 514 (66, 59, 49)
689 562 (79, 67, 71)
689 563 (79, 67, 71)
689 564 (79, 68, 74)
689 565 (81, 70, 76)
689 566 (81, 72, 77)
689 567 (81, 72, 77)
689 568 (82, 73, 78)
689 569 (83, 73, 81)
689 570 (81, 74, 81)
689 571 (82, 75, 82)
689 572 (82, 77, 83)
689 573 (83, 78, 84)
689 657 (113, 107, 109)
690 514 (50, 44, 33)
690 515 (55, 48, 38)
690 516 (61, 53, 44)
690 574 (93, 86, 93)
690 575 (93, 86, 93)
690 576 (96, 86, 94)
690 577 (97, 87, 95)
690 578 (97, 87, 95)
690 579 (97, 87, 95)
690 580 (96, 86, 94)
690 656 (115, 107, 105)
690 657 (102, 93, 94)
690 662 (65, 63, 66)
691 517 (51, 45, 34)
691 518 (56, 49, 40)
691 519 (59, 52, 43)
691 581 (103, 94, 99)
691 582 (102, 93, 98)
691 583 (102, 93, 98)
691 584 (102, 93, 98)
691 585 (102, 93, 98)
691 586 (101, 92, 97)
691 654 (112, 108, 96)
691 655 (109, 102, 92)
691 662 (70, 69, 77)
691 663 (70, 71, 76)
692 520 (46, 43, 33)
692 521 (49, 45, 36)
692 522 (54, 47, 37)
692 523 (57, 50, 41)
692 587 (106, 97, 100)
692 588 (105, 96, 99)
692 652 (110, 106, 95)
692 653 (108, 104, 92)
692 663 (71, 73, 88)
693 523 (46, 40, 30)
693 524 (50, 44, 33)
693 525 (53, 46, 36)
693 526 (56, 49, 40)
693 650 (112, 107, 103)
693 651 (107, 102, 96)
693 663 (75, 74, 92)
694 527 (46, 43, 33)
694 528 (49, 43, 34)
694 529 (52, 45, 37)
694 530 (55, 48, 41)
694 649 (109, 103, 107)
694 650 (102, 96, 98)
694 663 (76, 70, 84)
695 530 (45, 37, 30)
695 531 (47, 41, 32)
695 532 (49, 43, 34)
695 533 (51, 45, 36)
695 648 (103, 96, 103)
695 649 (101, 94, 101)
695 663 (71, 62, 69)
696 534 (45, 37, 30)
696 535 (46, 40, 32)
696 536 (50, 44, 35)
696 537 (52, 45, 37)
696 662 (87, 79, 68)
697 538 (45, 38, 31)
697 539 (48, 42, 33)
697 540 (49, 43, 34)
697 568 (78, 69, 62)
697 569 (81, 72, 65)
697 570 (85, 74, 68)
697 571 (87, 76, 70)
697 661 (81, 72, 55)
697 662 (57, 47, 35)
698 541 (43, 35, 30)
698 542 (45, 38, 32)
698 543 (47, 41, 34)
698 544 (50, 44, 37)
698 572 (81, 70, 64)
698 573 (84, 73, 67)
698 574 (87, 76, 70)
698 575 (89, 78, 72)
698 576 (94, 81, 73)
698 660 (68, 61, 58)
698 661 (51, 42, 43)
699 545 (42, 34, 29)
699 546 (43, 35, 30)
699 547 (45, 37, 32)
699 548 (46, 40, 33)
699 549 (48, 42, 35)
699 577 (84, 71, 63)
699 578 (85, 72, 64)
699 579 (87, 74, 66)
699 580 (90, 77, 69)
699 581 (93, 80, 72)
699 582 (94, 81, 73)
699 583 (93, 80, 72)
699 584 (94, 81, 73)
699 585 (94, 81, 73)
699 586 (94, 81, 75)
699 587 (94, 81, 75)
699 588 (94, 81, 75)
699 589 (93, 80, 74)
699 590 (93, 80, 74)
700 550 (42, 34, 29)
700 551 (44, 36, 31)
700 552 (45, 37, 32)
700 553 (45, 38, 32)
700 554 (48, 40, 34)
700 590 (83, 72, 66)
700 591 (84, 73, 69)
701 555 (43, 33, 29)
701 556 (45, 35, 29)
701 557 (46, 37, 31)
701 558 (47, 38, 32)
701 559 (48, 40, 32)
702 560 (42, 32, 28)
702 561 (44, 34, 30)
702 562 (45, 35, 31)
702 563 (45, 35, 31)
702 564 (46, 37, 32)
703 565 (42, 32, 28)
703 566 (42, 32, 28)
703 567 (41, 32, 27)
703 568 (42, 32, 28)
703 569 (44, 34, 30)
703 570 (45, 38, 32)
703 571 (46, 40, 33)
704 572 (41, 33, 26)
704 573 (41, 33, 26)
704 574 (42, 34, 27)
704 575 (44, 36, 29)
704 576 (46, 37, 31)
704 577 (47, 38, 32)
704 578 (49, 41, 33)
704 579 (49, 41, 33)
704 580 (50, 42, 34)
704 581 (51, 43, 35)
704 664 (45, 37, 34)
704 665 (42, 33, 31)
705 582 (45, 36, 30)
705 583 (45, 36, 30)
705 584 (47, 38, 32)
705 585 (48, 40, 32)
705 586 (49, 41, 33)
705 587 (50, 42, 34)
705 588 (51, 43, 35)
705 589 (52, 44, 36)
705 662 (46, 40, 33)
705 663 (44, 36, 31)
705 664 (38, 32, 26)
706 590 (42, 34, 29)
706 591 (42, 34, 29)
706 592 (45, 35, 29)
706 593 (45, 36, 30)
706 594 (46, 37, 31)
706 595 (46, 37, 31)
706 596 (47, 38, 32)
706 597 (48, 40, 34)
706 598 (48, 40, 34)
706 599 (48, 40, 34)
706 600 (49, 41, 35)
706 659 (48, 41, 37)
706 660 (44, 35, 32)
706 661 (40, 32, 29)
707 601 (44, 34, 30)
707 602 (45, 35, 31)
707 603 (45, 36, 32)
707 604 (45, 36, 32)
707 605 (46, 37, 32)
707 606 (46, 37, 32)
707 607 (47, 38, 33)
707 616 (49, 43, 36)
707 617 (49, 43, 36)
707 618 (50, 44, 37)
707 619 (50, 44, 37)
707 620 (50, 44, 37)
707 621 (51, 45, 38)
707 622 (51, 45, 38)
707 623 (51, 45, 38)
707 624 (52, 45, 40)
707 625 (53, 46, 41)
707 626 (54, 47, 42)
707 656 (51, 43, 37)
707 657 (48, 38, 36)
707 658 (42, 33, 31)
707 659 (36, 29, 26)
708 608 (40, 32, 27)
708 609 (41, 33, 28)
708 610 (42, 34, 29)
708 611 (42, 34, 29)
708 612 (42, 34, 29)
708 613 (42, 34, 29)
708 614 (42, 34, 29)
708 615 (43, 35, 30)
708 627 (45, 38, 32)
708 628 (46, 40, 33)
708 629 (46, 40, 33)
708 630 (46, 40, 33)
708 631 (46, 40, 33)
708 632 (45, 37, 32)
708 633 (45, 37, 32)
708 634 (45, 37, 32)
708 635 (44, 36, 31)
708 636 (44, 36, 31)
708 637 (45, 37, 32)
708 638 (46, 40, 33)
708 639 (48, 42, 35)
708 640 (47, 41, 32)
708 641 (49, 43, 32)
708 642 (50, 44, 33)
708 643 (50, 44, 33)
708 644 (49, 43, 32)
708 645 (50, 44, 33)
708 646 (50, 44, 33)
708 647 (49, 43, 32)
708 648 (49, 43, 32)
708 649 (46, 40, 30)
708 650 (44, 36, 27)
708 651 (42, 34, 25)
708 652 (42, 34, 25)
708 653 (42, 34, 25)
708 654 (41, 33, 24)
708 655 (41, 33, 26)
708 656 (41, 32, 30)
