1000 465
59 234
59 235
59 236
59 237
59 238
59 239
59 240
59 241
59 242
59 243
59 244
59 245
59 246
60 230
60 231
60 232
60 233
60 247
60 248
60 249
60 250
61 227
61 228
61 229
61 251
61 252
61 253
62 224
62 225
62 226
62 254
62 255
62 256
63 222
63 223
63 224
63 239
63 240
63 241
63 256
63 257
63 258
64 220
64 221
64 232
64 233
64 234
64 235
64 236
64 237
64 238
64 242
64 243
64 244
64 245
64 246
64 247
64 248
64 258
64 259
65 218
65 219
65 229
65 230
65 231
65 248
65 249
65 250
65 251
65 260
65 261
66 216
66 217
66 218
66 226
66 227
66 228
66 251
66 252
66 253
66 261
66 262
66 263
67 215
67 216
67 224
67 225
67 226
67 254
67 255
67 263
67 264
68 213
68 214
68 222
68 223
68 224
68 256
68 257
68 264
68 265
69 212
69 213
69 220
69 221
69 222
69 258
69 259
69 265
69 266
69 267
70 210
70 211
70 218
70 219
70 220
70 259
70 260
70 267
70 268
71 209
71 210
71 217
71 218
71 234
71 235
71 236
71 237
71 238
71 239
71 240
71 241
71 242
71 243
71 244
71 245
71 246
71 261
71 262
71 268
71 269
72 208
72 209
72 215
72 216
72 230
72 231
72 232
72 233
72 247
72 248
72 249
72 250
72 262
72 263
72 269
72 270
73 206
73 207
73 214
73 215
73 227
73 228
73 229
73 251
73 252
73 253
73 263
73 264
73 270
73 271
74 205
74 206
74 212
74 213
74 225
74 226
74 227
74 253
74 254
74 255
74 265
74 266
74 271
74 272
75 204
75 205
75 211
75 212
75 223
75 224
75 256
75 257
75 266
75 267
75 272
75 273
76 203
76 204
76 210
76 211
76 221
76 222
76 257
76 258
76 259
76 267
76 268
76 273
76 274
77 202
77 203
77 208
77 209
77 210
77 219
77 220
77 259
77 260
77 268
77 269
77 274
77 275
78 201
78 202
78 207
78 208
78 217
78 218
78 219
78 261
78 262
78 269
78 270
78 275
78 276
79 199
79 200
79 201
79 206
79 207
79 216
79 217
79 238
79 239
79 240
79 241
79 242
79 262
79 263
79 270
79 271
79 276
80 198
80 199
80 205
80 206
80 214
80 215
80 232
80 233
80 234
80 235
80 236
80 237
80 243
80 244
80 245
80 246
80 247
80 248
80 263
80 264
80 265
80 271
80 272
80 276
80 277
81 197
81 198
81 204
81 205
81 213
81 214
81 229
81 230
81 231
81 249
81 250
81 251
81 252
81 265
81 266
81 272
81 273
81 277
81 278
82 196
82 197
82 203
82 204
82 211
82 212
82 226
82 227
82 228
82 252
82 253
82 254
82 266
82 267
82 273
82 278
82 279
83 195
83 196
83 202
83 203
83 210
83 211
83 224
83 225
83 226
83 255
83 256
83 267
83 268
83 274
83 279
84 195
84 201
84 202
84 209
84 210
84 222
84 223
84 257
84 258
84 268
84 269
84 274
84 275
84 280
85 194
85 195
85 200
85 201
85 208
85 209
85 220
85 221
85 259
85 260
85 269
85 270
85 275
85 276
85 280
85 281
86 193
86 194
86 199
86 200
86 206
86 207
86 218
86 219
86 220
86 260
86 261
86 270
86 271
86 276
86 277
86 281
86 282
87 192
87 193
87 198
87 199
87 205
87 206
87 217
87 218
87 262
87 263
87 271
87 272
87 277
87 282
88 191
88 192
88 197
88 198
88 204
88 205
88 215
88 216
88 263
88 264
88 272
88 273
88 278
88 282
88 283
89 190
89 191
89 196
89 197
89 203
89 204
89 214
89 215
89 264
89 265
89 273
89 278
89 279
89 283
89 284
90 189
90 190
90 195
90 196
90 202
90 203
90 212
90 213
90 265
90 266
90 274
90 279
90 280
90 284
91 189
91 194
91 195
91 201
91 202
91 211
91 212
91 266
91 267
91 274
91 275
91 280
91 284
91 285
92 188
92 193
92 194
92 200
92 201
92 210
92 211
92 268
92 269
92 275
92 276
92 280
92 281
92 285
93 187
93 188
93 192
93 193
93 199
93 200
93 208
93 209
93 269
93 276
93 277
93 281
93 282
93 286
94 186
94 187
94 192
94 198
94 199
94 207
94 208
94 270
94 277
94 282
94 286
94 287
95 185
95 186
95 191
95 197
95 198
95 207
95 270
95 271
95 277
95 278
95 282
95 283
95 287
96 185
96 190
96 191
96 196
96 197
96 271
96 272
96 278
96 279
96 283
96 287
96 288
97 184
97 189
97 190
97 195
97 196
97 272
97 273
97 279
97 284
97 288
98 183
98 184
98 188
98 189
98 194
98 195
98 273
98 274
98 280
98 284
98 285
98 289
99 182
99 183
99 188
99 193
99 194
99 274
99 280
99 281
99 285
99 289
100 182
100 187
100 193
100 275
100 281
100 285
100 286
100 290
101 181
101 182
101 186
101 187
101 192
101 193
101 275
101 276
101 282
101 286
101 290
101 291
102 180
102 181
102 185
102 186
102 191
102 192
102 276
102 277
102 282
102 283
102 287
102 291
103 180
103 185
103 190
103 191
103 277
103 283
103 287
103 291
103 292
104 179
104 184
104 189
104 190
104 278
104 283
104 284
104 288
104 292
105 178
105 179
105 183
105 184
105 189
105 278
105 279
105 284
105 288
105 292
105 293
106 177
106 178
106 182
106 183
106 188
106 189
106 279
106 285
106 289
106 293
107 177
107 182
107 187
107 188
107 280
107 285
107 286
107 293
107 294
108 176
108 177
108 181
108 182
108 186
108 187
108 280
108 281
108 286
108 294
109 175
109 176
109 180
109 181
109 186
109 281
109 286
109 287
109 294
109 295
110 175
110 180
110 185
110 186
110 281
110 282
110 287
110 295
111 174
111 175
111 179
111 180
111 184
111 185
111 282
111 287
111 288
111 295
112 174
112 178
112 179
112 184
112 283
112 288
112 296
113 173
113 178
113 183
113 283
113 284
113 288
113 289
113 296
114 172
114 173
114 177
114 178
114 182
114 183
114 284
114 289
114 297
115 172
115 176
115 177
115 181
115 182
115 284
115 285
115 289
115 290
115 297
116 171
116 172
116 176
116 181
116 285
116 290
116 297
116 298
117 170
117 171
117 175
117 176
117 180
117 181
117 285
117 286
117 290
117 291
117 298
118 170
118 175
118 179
118 180
118 286
118 291
118 298
119 169
119 170
119 174
119 179
119 286
119 287
119 291
119 292
119 299
120 169
120 173
120 174
120 178
120 179
120 287
120 292
120 299
121 168
121 169
121 173
121 178
121 287
121 288
121 292
121 293
121 299
121 300
122 168
122 172
122 173
122 177
122 288
122 293
122 300
123 167
123 172
123 176
123 177
123 235
123 236
123 237
123 238
123 239
123 240
123 241
123 242
123 243
123 244
123 245
123 246
123 247
123 248
123 288
123 293
123 294
123 300
124 166
124 167
124 171
124 176
124 231
124 232
124 233
124 234
124 249
124 250
124 251
124 252
124 289
124 294
124 301
125 166
125 170
125 171
125 175
125 228
125 229
125 230
125 252
125 253
125 254
125 289
125 294
125 301
126 165
126 166
126 170
126 174
126 175
126 226
126 227
126 228
126 254
126 255
126 256
126 290
126 295
126 301
126 302
127 165
127 169
127 170
127 174
127 224
127 225
127 226
127 256
127 257
127 258
127 290
127 295
127 302
128 164
128 165
128 169
128 173
128 174
128 222
128 223
128 224
128 258
128 259
128 290
128 291
128 295
128 296
128 302
129 164
129 168
129 173
129 221
129 222
129 260
129 261
129 291
129 296
129 303
130 163
130 168
130 172
130 219
130 220
130 221
130 261
130 262
130 291
130 292
130 296
130 303
131 162
131 163
131 167
131 172
131 218
131 219
131 262
131 263
131 292
131 297
131 303
132 162
132 166
132 167
132 171
132 217
132 218
132 263
132 264
132 292
132 297
132 304
133 161
133 162
133 166
133 170
133 171
133 215
133 216
133 265
133 266
133 293
133 297
133 298
133 304
134 161
134 165
134 166
134 170
134 214
134 215
134 266
134 267
134 293
134 298
134 304
134 305
135 160
135 161
135 165
135 169
135 170
135 213
135 214
135 237
135 238
135 239
135 240
135 241
135 242
135 243
135 244
135 245
135 246
135 267
135 268
135 293
135 294
135 298
135 305
136 160
136 164
136 169
136 212
136 213
136 233
136 234
136 235
136 236
136 247
136 248
136 249
136 250
136 268
136 294
136 299
136 305
137 159
137 160
137 164
137 168
137 211
137 212
137 230
137 231
137 232
137 251
137 252
137 253
137 268
137 269
137 294
137 299
137 305
137 306
138 159
138 163
138 168
138 209
138 210
138 228
138 229
138 253
138 254
138 255
138 269
138 270
138 294
138 295
138 299
138 300
138 306
139 158
139 159
139 163
139 167
139 208
139 209
139 226
139 227
139 255
139 256
139 257
139 270
139 271
139 295
139 300
139 306
140 158
140 162
140 167
140 207
140 208
140 224
140 225
140 257
140 258
140 271
140 272
140 295
140 300
140 306
140 307
141 157
141 158
141 162
141 166
141 206
141 207
141 222
141 223
141 259
141 260
141 272
141 273
141 296
141 301
141 307
142 157
142 161
142 165
142 166
142 205
142 206
142 221
142 260
142 261
142 273
142 296
142 301
142 307
143 156
143 157
143 161
143 165
143 204
143 205
143 219
143 220
143 261
143 262
143 273
143 274
143 296
143 301
143 307
143 308
144 156
144 160
144 164
144 165
144 204
144 218
144 263
144 264
144 274
144 275
144 297
144 302
144 308
145 155
145 156
145 160
145 164
145 203
145 204
145 217
145 264
145 265
145 275
145 297
145 302
145 308
146 155
146 159
146 163
146 164
146 202
146 203
146 215
146 216
146 265
146 266
146 276
146 297
146 302
146 308
147 154
147 155
147 163
147 201
147 202
147 214
147 266
147 267
147 276
147 277
147 298
147 303
147 309
148 154
148 162
148 163
148 200
148 201
148 213
148 267
148 268
148 277
148 298
148 303
148 309
149 153
149 154
149 162
149 199
149 200
149 212
149 268
149 269
149 278
149 298
149 303
149 309
150 153
150 161
150 162
150 198
150 199
150 211
150 269
150 278
150 279
150 298
150 299
150 304
150 310
151 152
151 153
151 161
151 198
151 210
151 270
151 279
151 299
151 304
151 310
152 152
152 160
152 161
152 197
152 198
152 209
152 270
152 271
152 279
152 280
152 299
152 304
152 310
153 151
153 152
153 160
153 196
153 197
153 208
153 271
153 272
153 280
153 299
153 305
153 310
153 311
154 151
154 159
154 160
154 195
154 196
154 207
154 272
154 273
154 281
154 299
154 300
154 305
154 311
155 151
155 159
155 195
155 206
155 235
155 236
155 237
155 238
155 239
155 240
155 241
155 242
155 243
155 244
155 245
155 246
155 247
155 248
155 249
155 273
155 281
155 282
155 300
155 305
155 311
156 150
156 158
156 159
156 194
156 205
156 232
156 233
156 234
156 250
156 251
156 252
156 273
156 274
156 282
156 300
156 306
156 311
157 150
157 158
157 193
157 194
157 204
157 229
157 230
157 231
157 252
157 253
157 254
157 274
157 275
157 282
157 283
157 300
157 306
157 312
158 149
158 157
158 158
158 192
158 193
158 203
158 227
158 228
158 255
158 256
158 257
158 275
158 283
158 300
158 301
158 306
158 312
159 149
159 157
159 192
159 202
159 226
159 257
159 258
159 275
159 276
159 283
159 284
159 301
159 307
159 312
160 148
160 149
160 156
160 157
160 191
160 192
160 202
160 224
160 225
160 258
160 259
160 260
160 276
160 277
160 284
160 301
160 307
160 312
161 148
161 156
161 190
161 191
161 201
161 222
161 223
161 260
161 261
161 277
161 284
161 285
161 301
161 307
161 313
162 147
162 148
162 156
162 190
162 200
162 221
162 261
162 262
162 277
162 278
162 285
162 301
162 307
162 308
162 313
163 147
163 155
163 189
163 190
163 199
163 219
163 220
163 262
163 263
163 264
163 278
163 285
163 286
163 301
163 302
163 308
163 313
164 147
164 155
164 188
164 189
164 198
164 218
164 264
164 265
164 279
164 286
164 302
164 308
164 313
164 314
165 146
165 154
165 188
165 198
165 217
165 265
165 279
165 280
165 286
165 287
165 302
165 308
165 314
166 146
166 154
166 187
166 188
166 197
166 215
166 216
166 266
166 280
166 287
166 302
166 309
166 314
167 145
167 153
167 154
167 186
167 187
167 196
167 214
167 266
167 267
167 280
167 281
167 287
167 302
167 303
167 309
167 314
168 145
168 153
168 186
168 195
168 213
168 267
168 268
168 281
168 288
168 303
168 309
168 314
168 315
169 144
169 145
169 152
169 153
169 185
169 186
169 195
169 212
169 268
169 269
169 281
169 282
169 288
169 303
169 309
169 310
169 315
170 144
170 152
170 185
170 194
170 211
170 269
170 270
170 282
170 289
170 303
170 310
170 315
171 144
171 152
171 184
171 193
171 210
171 270
171 271
171 283
171 289
171 304
171 310
171 315
172 143
172 151
172 183
172 184
172 193
172 209
172 271
172 283
172 289
172 290
172 304
172 310
172 315
172 316
173 143
173 151
173 183
173 192
173 208
173 271
173 272
173 284
173 290
173 304
173 305
173 311
173 316
174 142
174 143
174 150
174 182
174 183
174 191
174 207
174 272
174 273
174 284
174 290
174 305
174 311
174 316
175 142
175 150
175 182
175 191
175 206
175 273
175 274
175 285
175 291
175 305
175 311
175 316
176 142
176 149
176 150
176 181
176 190
176 205
176 274
176 285
176 291
176 305
176 311
176 316
176 317
177 141
177 149
177 181
177 189
177 204
177 275
177 285
177 286
177 291
177 292
177 306
177 312
177 317
178 141
178 149
178 180
178 189
178 203
178 275
178 276
178 286
178 292
178 306
178 312
178 317
179 140
179 141
179 148
179 179
179 180
179 188
179 203
179 276
179 286
179 287
179 292
179 306
179 312
179 317
180 140
180 148
180 179
180 188
180 202
180 277
180 287
180 293
180 306
180 312
180 313
180 317
181 140
181 147
181 148
181 178
181 179
181 187
181 201
181 277
181 287
181 293
181 307
181 313
181 318
182 139
182 147
182 178
182 186
182 200
182 278
182 288
182 293
182 307
182 313
182 318
183 139
183 147
183 177
183 178
183 186
183 199
183 278
183 288
183 294
183 307
183 313
183 318
184 138
184 139
184 146
184 177
184 185
184 199
184 279
184 288
184 289
184 294
184 307
184 313
184 314
184 318
185 138
185 146
185 176
185 185
185 198
185 279
185 289
185 294
185 295
185 308
185 314
185 319
186 138
186 145
186 146
186 176
186 184
186 197
186 279
186 280
186 289
186 295
186 308
186 314
186 319
187 137
187 145
187 175
187 184
187 197
187 280
187 290
187 295
187 308
187 314
187 319
188 137
188 145
188 175
188 183
188 196
188 281
188 290
188 295
188 296
188 308
188 314
188 315
188 319
189 136
189 137
189 144
189 174
189 182
189 195
189 281
189 282
189 291
189 296
189 309
189 315
189 319
190 136
190 144
190 174
190 182
190 195
190 282
190 283
190 291
190 296
190 309
190 315
190 320
191 136
191 143
191 144
191 173
191 181
191 194
191 239
191 240
191 241
191 242
191 243
191 244
191 245
191 283
191 296
191 297
191 309
191 315
191 320
192 135
192 136
192 143
192 173
192 181
192 193
192 234
192 235
192 236
192 237
192 238
192 246
192 247
192 248
192 249
192 250
192 284
192 297
192 309
192 315
192 320
193 135
193 143
193 172
193 180
193 193
193 231
193 232
193 233
193 234
193 250
193 251
193 252
193 284
193 297
193 310
193 316
193 320
194 135
194 142
194 172
194 180
194 192
194 229
194 230
194 231
194 253
194 254
194 285
194 297
194 298
194 310
194 316
194 320
195 134
195 142
195 171
195 179
195 191
195 227
195 228
195 229
195 255
195 256
195 285
195 298
195 310
195 316
195 321
196 134
196 141
196 142
196 171
196 179
196 191
196 226
196 227
196 256
196 257
196 285
196 286
196 298
196 310
196 316
196 321
197 134
197 141
197 170
197 178
197 190
197 224
197 225
197 258
197 259
197 286
197 298
197 311
197 317
197 321
198 133
198 141
198 170
198 178
198 189
198 223
198 224
198 259
198 260
198 286
198 299
198 311
198 317
198 321
199 133
199 140
199 169
199 177
199 189
199 221
199 222
199 223
199 260
199 261
199 287
199 299
199 311
199 317
199 321
200 132
200 133
200 140
200 169
200 177
200 188
200 220
200 221
200 261
200 262
200 287
200 299
200 311
200 317
200 322
201 132
201 140
201 168
201 169
201 176
201 188
201 219
201 220
201 262
201 263
201 288
201 300
201 311
201 312
201 322
202 132
202 139
202 168
202 176
202 187
202 218
202 219
202 263
202 264
202 288
202 300
202 312
202 318
202 322
203 131
203 132
203 139
203 167
203 168
203 175
203 187
203 217
203 218
203 264
203 265
203 289
203 300
203 312
203 318
203 322
204 131
204 139
204 167
204 175
204 186
204 216
204 217
204 265
204 266
204 289
204 300
204 301
204 312
204 318
204 322
205 131
205 138
205 166
205 167
205 174
205 185
205 215
205 216
205 266
205 267
205 289
205 301
205 312
205 318
205 323
206 130
206 131
206 138
206 166
206 174
206 185
206 214
206 215
206 267
206 268
206 290
206 301
206 313
206 323
207 130
207 137
207 138
207 166
207 173
207 184
207 213
207 214
207 236
207 237
207 238
207 239
207 240
207 241
207 242
207 243
207 244
207 245
207 246
207 247
207 248
207 268
207 290
207 301
207 313
207 319
207 323
208 130
208 137
208 165
208 173
208 184
208 212
208 213
208 234
208 235
208 236
208 248
208 249
208 250
208 251
208 268
208 269
208 290
208 302
208 313
208 319
208 323
209 129
209 137
209 165
209 172
209 183
209 211
209 212
209 231
209 232
209 233
209 251
209 252
209 253
209 269
209 270
209 290
209 291
209 302
209 313
209 319
209 323
210 129
210 136
210 137
210 164
210 172
210 183
210 210
210 211
210 229
210 230
210 231
210 253
210 254
210 255
210 270
210 291
210 302
210 313
210 323
210 324
211 129
211 136
211 164
211 171
211 182
211 209
211 210
211 228
211 229
211 255
211 256
211 271
211 291
211 302
211 314
211 324
212 128
212 136
212 163
212 164
212 171
212 182
212 209
212 226
212 227
212 240
212 241
212 242
212 243
212 244
212 245
212 256
212 257
212 258
212 271
212 272
212 292
212 303
212 314
212 324
213 128
213 135
213 163
213 170
213 181
213 208
213 225
213 226
213 235
213 236
213 237
213 238
213 239
213 246
213 247
213 248
213 249
213 258
213 259
213 272
213 292
213 303
213 314
213 324
214 128
214 135
214 162
214 163
214 170
214 181
214 207
214 208
214 223
214 224
214 233
214 234
214 250
214 251
214 259
214 260
214 273
214 292
214 303
214 314
214 324
215 127
215 135
215 162
215 169
215 180
215 206
215 207
215 222
215 223
215 230
215 231
215 232
215 252
215 253
215 260
215 261
215 273
215 274
215 293
215 303
215 304
215 314
215 324
216 127
216 134
216 162
216 169
216 180
216 205
216 206
216 221
216 222
216 229
216 230
216 254
216 255
216 261
216 262
216 274
216 293
216 304
216 314
216 315
216 324
217 127
217 134
217 161
217 168
217 179
217 205
217 220
217 221
217 239
217 240
217 241
217 242
217 243
217 244
217 245
217 255
217 256
217 257
217 262
217 263
217 274
217 275
217 293
217 304
217 315
217 325
218 126
218 134
218 161
218 168
218 179
218 204
218 205
218 219
218 236
218 237
218 238
218 246
218 247
218 248
218 257
218 258
218 263
218 264
218 275
218 294
218 304
218 315
218 325
219 126
219 133
219 160
219 161
219 168
219 178
219 203
219 204
219 217
219 218
219 233
219 234
219 235
219 249
219 250
219 251
219 258
219 259
219 264
219 265
219 275
219 276
219 294
219 304
219 305
219 315
219 325
220 126
220 133
220 160
220 167
220 178
220 202
220 203
220 216
220 217
220 231
220 232
220 252
220 259
220 260
220 265
220 266
220 276
220 294
220 305
220 315
220 325
221 125
221 133
221 160
221 167
221 177
221 202
221 215
221 216
221 230
221 231
221 253
221 254
221 260
221 261
221 266
221 276
221 277
221 295
221 305
221 315
221 325
222 125
222 132
222 159
222 166
222 177
222 201
222 202
222 215
222 255
222 261
222 262
222 267
222 277
222 295
222 305
222 316
222 325
222 326
223 125
223 132
223 159
223 166
223 176
223 200
223 201
223 256
223 262
223 263
223 267
223 268
223 277
223 278
223 295
223 305
223 316
223 326
224 124
224 132
224 158
224 165
224 176
224 200
224 257
224 263
224 264
224 268
224 269
224 278
224 296
224 306
224 316
224 326
225 124
225 131
225 158
225 165
225 175
225 199
225 200
225 258
225 264
225 265
225 269
225 278
225 279
225 296
225 306
225 316
225 326
226 124
226 131
226 158
226 165
226 175
226 199
226 259
226 265
226 270
226 279
226 296
226 306
226 316
226 326
227 123
227 124
227 131
227 157
227 164
227 174
227 198
227 260
227 266
227 270
227 271
227 279
227 280
227 297
227 306
227 316
227 326
228 123
228 130
228 157
228 164
228 174
228 197
228 198
228 261
228 271
228 280
228 297
228 307
228 317
228 326
229 123
229 130
229 156
229 157
229 163
229 173
229 197
229 262
229 271
229 272
229 280
229 297
229 307
229 317
229 327
230 122
230 123
230 130
230 156
230 163
230 173
230 196
230 263
230 272
230 281
230 297
230 307
230 317
230 327
231 122
231 129
231 156
231 162
231 172
231 195
231 196
231 264
231 273
231 281
231 298
231 307
231 317
231 327
232 122
232 129
232 155
232 162
232 172
232 195
232 265
232 273
232 274
232 281
232 282
232 298
232 307
232 308
232 317
232 327
233 122
233 129
233 155
233 162
233 171
233 194
233 195
233 265
233 274
233 282
233 298
233 308
233 318
233 327
234 121
234 128
234 129
234 154
234 155
234 161
234 171
234 194
234 266
234 274
234 275
234 282
234 299
234 308
234 318
234 327
235 121
235 128
235 154
235 161
235 171
235 193
235 194
235 267
235 275
235 283
235 299
235 308
235 318
235 327
236 121
236 128
236 154
236 160
236 170
236 193
236 267
236 275
236 276
236 283
236 299
236 308
236 318
236 327
237 120
237 127
237 128
237 153
237 160
237 170
237 192
237 268
237 276
237 283
237 284
237 299
237 309
237 318
237 328
238 120
238 127
238 153
238 160
238 169
238 191
238 192
238 269
238 276
238 277
238 284
238 299
238 300
238 309
238 318
238 328
239 120
239 127
239 153
239 159
239 169
239 191
239 269
239 277
239 284
239 300
239 309
239 318
239 328
240 119
240 120
240 127
240 152
240 159
240 168
240 190
240 191
240 270
240 277
240 278
240 285
240 300
240 309
240 319
240 328
241 119
241 126
241 152
241 159
241 168
241 190
241 270
241 278
241 285
241 300
241 309
241 319
241 328
242 119
242 126
242 151
242 152
242 158
242 168
242 189
242 190
242 271
242 278
242 285
242 310
242 319
242 328
243 119
243 126
243 151
243 158
243 167
243 189
243 271
243 279
243 286
243 310
243 319
243 328
244 118
244 125
244 151
244 157
244 167
244 188
244 189
244 272
244 279
244 286
244 310
244 319
244 329
245 118
245 125
245 150
245 151
245 157
245 166
245 188
245 272
245 280
245 286
245 310
245 319
245 329
246 118
246 125
246 150
246 157
246 166
246 187
246 188
246 273
246 280
246 287
246 310
246 319
246 329
247 117
247 118
247 124
247 125
247 150
247 156
247 166
247 187
247 273
247 280
247 287
247 310
247 320
247 329
248 117
248 124
248 149
248 156
248 165
248 186
248 187
248 274
248 281
248 287
248 311
248 320
248 329
249 117
249 124
249 149
249 156
249 165
249 186
249 274
249 281
249 288
249 311
249 320
249 329
250 117
250 124
250 149
250 155
250 164
250 185
250 186
250 275
250 281
250 282
250 288
250 311
250 320
250 329
251 116
251 123
251 148
251 155
251 164
251 185
251 275
251 282
251 288
251 311
251 320
251 330
252 116
252 123
252 148
252 155
252 163
252 184
252 185
252 276
252 282
252 289
252 311
252 320
252 330
253 116
253 123
253 148
253 154
253 163
253 184
253 276
253 283
253 289
253 312
253 320
253 330
254 115
254 116
254 122
254 123
254 147
254 154
254 163
254 183
254 184
254 277
254 283
254 289
254 312
254 321
254 330
255 115
255 122
255 147
255 153
255 162
255 183
255 277
255 283
255 289
255 312
255 321
255 330
256 115
256 122
256 147
256 153
256 162
256 182
256 183
256 278
256 284
256 290
256 312
256 321
256 330
257 115
257 122
257 146
257 153
257 162
257 182
257 278
257 284
257 290
257 312
257 321
257 330
258 114
258 121
258 146
258 152
258 161
258 181
258 182
258 278
258 284
258 290
258 313
258 321
258 330
259 114
259 121
259 146
259 152
259 161
259 181
259 279
259 285
259 291
259 313
259 321
259 330
260 114
260 121
260 145
260 152
260 161
260 181
260 279
260 285
260 291
260 313
260 321
260 330
261 114
261 120
261 121
261 145
261 151
261 160
261 180
261 280
261 285
261 291
261 313
261 321
261 331
262 113
262 120
262 145
262 151
262 160
262 180
262 280
262 285
262 286
262 291
262 313
262 322
262 331
263 113
263 120
263 144
263 145
263 151
263 159
263 179
263 280
263 286
263 292
263 313
263 322
263 331
264 113
264 120
264 144
264 150
264 159
264 179
264 281
264 286
264 292
264 313
264 314
264 322
264 331
265 112
265 113
265 119
265 144
265 150
265 159
265 178
265 179
265 281
265 286
265 292
265 314
265 322
265 331
266 112
266 119
266 143
266 144
266 150
266 158
266 178
266 281
266 287
266 292
266 293
266 314
266 322
266 331
267 112
267 119
267 143
267 149
267 158
267 178
267 282
267 287
267 293
267 314
267 322
267 331
268 112
268 119
268 143
268 149
268 158
268 177
268 282
268 287
268 293
268 314
268 322
268 331
269 111
269 118
269 143
269 149
269 157
269 177
269 282
269 283
269 287
269 293
269 314
269 322
269 332
270 111
270 118
270 142
270 148
270 157
270 176
270 177
270 283
270 293
270 294
270 315
270 322
270 332
271 111
271 118
271 142
271 148
271 157
271 176
271 283
271 294
271 315
271 323
271 332
272 111
272 118
272 142
272 148
272 156
272 176
272 284
272 294
272 315
272 323
272 332
273 110
273 117
273 141
273 147
273 156
273 175
273 284
273 294
273 315
273 323
273 332
274 110
274 117
274 141
274 147
274 156
274 175
274 284
274 294
274 315
274 323
274 332
275 110
275 117
275 141
275 147
275 155
275 174
275 284
275 285
275 295
275 315
275 323
275 332
276 110
276 116
276 117
276 140
276 141
276 147
276 155
276 174
276 285
276 295
276 315
276 323
276 332
277 109
277 116
277 140
277 146
277 155
277 174
277 285
277 295
277 316
277 323
277 332
278 109
278 116
278 140
278 146
278 154
278 173
278 285
278 295
278 316
278 323
278 332
279 109
279 116
279 140
279 146
279 154
279 173
279 286
279 296
279 316
279 324
279 333
280 109
280 115
280 116
280 139
280 145
280 154
280 172
280 173
280 286
280 296
280 316
280 324
280 333
281 108
281 115
281 139
281 145
281 153
281 172
281 286
281 296
281 316
281 324
281 333
282 108
282 115
282 139
282 145
282 153
282 172
282 287
282 296
282 316
282 324
282 333
283 108
283 115
283 138
283 144
283 153
283 171
283 287
283 296
283 316
283 324
283 333
284 108
284 114
284 115
284 138
284 144
284 152
284 171
284 287
284 297
284 317
284 324
284 333
285 107
285 114
285 138
285 144
285 152
285 171
285 287
285 297
285 317
285 324
285 333
286 107
286 114
286 138
286 144
286 152
286 170
286 288
286 297
286 317
286 324
286 333
287 107
287 114
287 137
287 143
287 152
287 170
287 288
287 297
287 317
287 324
287 333
288 107
288 113
288 114
288 137
288 143
288 151
288 169
288 170
288 288
288 297
288 317
288 324
288 333
289 106
289 113
289 137
289 143
289 151
289 169
289 288
289 298
289 317
289 325
289 333
290 106
290 113
290 136
290 142
290 151
290 169
290 289
290 298
290 317
290 325
290 333
290 334
291 106
291 113
291 136
291 142
291 150
291 168
291 169
291 289
291 298
291 318
291 325
291 334
292 106
292 113
292 136
292 142
292 150
292 168
292 289
292 298
292 318
292 325
292 334
293 105
293 106
293 112
293 136
293 142
293 150
293 168
293 289
293 298
293 318
293 325
293 334
294 105
294 112
294 135
294 141
294 149
294 167
294 168
294 290
294 299
294 318
294 325
294 334
295 105
295 112
295 135
295 141
295 149
295 167
295 290
295 299
295 318
295 325
295 334
296 105
296 112
296 135
296 141
296 149
296 167
296 290
296 299
296 318
296 325
296 334
297 105
297 111
297 135
297 140
297 148
297 166
297 228
297 290
297 299
297 318
297 325
297 334
298 104
298 111
298 134
298 140
298 148
298 166
298 227
298 291
298 299
298 318
298 325
298 334
299 104
299 111
299 134
299 140
299 148
299 166
299 225
299 226
299 291
299 299
299 300
299 318
299 325
299 334
300 104
300 111
300 134
300 140
300 148
300 165
300 224
300 291
300 300
300 319
300 325
300 334
301 104
301 110
301 134
301 139
301 147
301 165
301 223
301 291
301 300
301 319
301 325
301 334
302 103
302 110
302 133
302 139
302 147
302 165
302 222
302 291
302 300
302 319
302 326
302 335
303 103
303 110
303 133
303 139
303 147
303 164
303 221
303 292
303 300
303 319
303 326
303 335
304 103
304 110
304 133
304 139
304 146
304 164
304 220
304 292
304 300
304 319
304 326
304 335
305 103
305 109
305 110
305 132
305 138
305 146
305 164
305 214
305 215
305 216
305 217
305 218
305 219
305 292
305 301
305 319
305 326
305 335
306 103
306 109
306 132
306 138
306 146
306 163
306 194
306 195
306 196
306 197
306 198
306 199
306 200
306 201
306 202
306 203
306 204
306 205
306 206
306 207
306 208
306 209
306 210
306 211
306 212
306 213
306 292
306 301
306 319
306 326
306 335
307 102
307 109
307 132
307 138
307 146
307 163
307 176
307 177
307 178
307 179
307 180
307 181
307 182
307 183
307 184
307 185
307 186
307 187
307 188
307 189
307 190
307 191
307 192
307 193
307 293
307 301
307 319
307 326
307 335
308 102
308 109
308 132
308 137
308 145
308 163
308 170
308 171
308 172
308 173
308 174
308 175
308 176
308 293
308 301
308 319
308 326
308 335
309 102
309 109
309 131
309 137
309 145
309 163
309 164
309 165
309 166
309 167
309 168
309 169
309 228
309 229
309 230
309 231
309 232
309 233
309 234
309 235
309 236
309 237
309 238
309 239
309 240
309 241
309 242
309 243
309 293
309 301
309 320
309 326
309 335
310 102
310 108
310 131
310 137
310 145
310 219
310 220
310 221
310 222
310 223
310 224
310 225
310 226
310 227
310 244
310 245
310 246
310 247
310 248
310 249
310 250
310 251
310 252
310 253
310 254
310 293
310 301
310 320
310 327
310 335
311 101
311 108
311 131
311 137
311 145
311 212
311 213
311 214
311 215
311 216
311 217
311 218
311 254
311 255
311 256
311 257
311 258
311 259
311 260
311 293
311 302
311 320
311 327
311 335
312 101
312 108
312 131
312 137
312 144
312 207
312 208
312 209
312 210
312 211
312 261
312 262
312 263
312 264
312 265
312 294
312 302
312 320
312 327
312 335
313 101
313 108
313 131
313 137
313 143
313 202
313 203
313 204
313 205
313 206
313 233
313 234
313 235
313 236
313 237
313 238
313 239
313 240
313 241
313 266
313 267
313 268
313 269
313 270
313 294
313 302
313 320
313 327
313 335
314 101
314 107
314 130
314 131
314 137
314 142
314 198
314 199
314 200
314 201
314 227
314 228
314 229
314 230
314 231
314 232
314 241
314 242
314 243
314 244
314 245
314 246
314 247
314 248
314 249
314 250
314 251
314 252
314 271
314 272
314 273
314 274
314 294
314 302
314 320
314 327
314 336
315 101
315 107
315 131
315 136
315 137
315 138
315 139
315 140
315 141
315 194
315 195
315 196
315 197
315 218
315 219
315 220
315 221
315 222
315 223
315 224
315 225
315 226
315 252
315 253
315 254
315 255
315 256
315 257
315 258
315 275
315 276
315 277
315 278
315 279
315 280
315 294
315 302
315 320
315 327
315 336
316 100
316 107
316 135
316 136
316 137
316 190
316 191
316 192
316 193
316 259
316 260
316 261
316 262
316 263
316 264
316 294
316 302
316 320
316 327
316 336
317 100
317 130
317 131
317 132
317 133
317 134
317 135
317 187
317 188
317 189
317 190
317 265
317 266
317 267
317 268
317 269
317 295
317 302
317 320
317 321
317 326
317 336
318 100
318 129
318 130
318 131
318 184
318 185
318 186
318 222
318 223
318 270
318 271
318 272
318 273
318 295
318 303
318 321
318 326
318 336
319 100
319 128
319 129
319 181
319 182
319 183
319 222
319 274
319 275
319 276
319 277
319 295
319 303
319 321
319 327
319 336
320 99
320 100
320 125
320 126
320 127
320 128
320 178
320 179
320 180
320 181
320 221
320 222
320 278
320 279
320 280
320 281
320 282
320 295
320 303
320 321
320 327
320 336
321 99
321 123
321 124
321 125
321 176
321 177
321 178
321 220
321 221
321 283
321 284
321 285
321 295
321 303
321 321
321 327
321 336
322 99
322 120
322 121
322 122
322 174
322 175
322 219
322 220
322 286
322 287
322 288
322 303
322 321
322 327
322 336
323 99
323 118
323 119
323 120
323 171
323 172
323 173
323 218
323 219
323 289
323 290
323 291
323 303
323 321
323 327
323 336
324 99
324 116
324 117
324 118
324 169
324 170
324 171
324 217
324 218
324 292
324 293
324 294
324 295
324 303
324 321
324 327
324 336
325 98
325 99
325 114
325 115
325 168
325 169
325 217
325 295
325 296
325 297
325 298
325 321
325 327
325 336
326 98
326 111
326 112
326 113
326 167
326 168
326 216
326 217
326 298
326 299
326 300
326 321
326 327
326 336
327 98
327 109
327 110
327 111
327 167
327 215
327 216
327 300
327 301
327 302
327 321
327 327
327 336
328 98
328 108
328 109
328 167
328 215
328 303
328 304
328 321
328 328
328 336
329 98
329 106
329 107
329 167
329 214
329 215
329 305
329 306
329 321
329 328
329 336
330 97
330 104
330 105
330 106
330 167
330 213
330 214
330 307
330 308
330 322
330 328
330 336
331 97
331 102
331 103
331 166
331 213
331 309
331 310
331 311
331 322
331 328
331 336
332 97
332 98
332 101
332 102
332 166
332 212
332 213
332 311
332 312
332 313
332 322
332 328
332 336
333 98
333 99
333 100
333 101
333 166
333 212
333 313
333 314
333 315
333 328
333 336
334 165
334 166
334 211
334 315
334 316
334 317
334 328
334 336
335 165
335 210
335 211
335 317
335 318
335 319
335 337
336 165
336 210
336 319
336 320
336 321
336 337
337 165
337 209
337 210
337 321
337 322
337 337
338 164
338 209
338 322
338 323
338 324
338 337
339 164
339 208
339 209
339 324
339 325
339 337
340 164
340 208
340 325
340 326
340 327
340 337
341 163
341 164
341 207
341 208
341 327
341 328
341 337
342 163
342 207
342 328
342 329
342 330
342 337
343 163
343 206
343 330
343 331
343 337
344 163
344 206
344 331
344 332
344 337
345 162
345 205
345 332
345 333
345 337
346 162
346 205
346 334
346 335
346 337
347 162
347 204
348 162
348 204
349 161
349 203
350 161
350 203
351 161
351 202
352 161
352 202
353 160
353 201
353 202
354 124
354 125
354 160
354 201
355 122
355 123
355 125
355 126
355 160
355 201
356 121
356 122
356 126
356 160
356 200
357 121
357 126
357 159
357 200
358 120
358 126
358 159
358 199
359 119
359 120
359 125
359 159
359 199
360 118
360 119
360 125
360 159
360 198
360 199
361 118
361 125
361 158
361 198
362 118
362 125
362 158
362 198
363 118
363 124
363 158
363 197
364 118
364 124
364 158
364 197
365 112
365 113
365 114
365 118
365 124
365 157
365 196
365 197
366 111
366 118
366 124
366 157
366 196
367 110
367 118
367 124
367 157
367 196
368 109
368 117
368 118
368 124
368 157
368 195
369 109
369 117
369 123
369 156
369 157
369 195
370 108
370 117
370 123
370 156
370 195
371 107
371 117
371 123
371 156
371 194
372 106
372 117
372 123
372 156
372 194
373 105
373 116
373 117
373 123
373 156
373 194
374 105
374 116
374 122
374 155
374 193
375 104
375 116
375 122
375 155
375 193
376 103
376 116
376 122
376 155
376 192
376 193
377 102
377 116
377 122
377 155
377 192
377 364
378 101
378 116
378 122
378 155
378 192
378 364
378 365
379 101
379 115
379 121
379 122
379 154
379 191
379 365
379 366
380 100
380 115
380 121
380 154
380 191
380 366
380 367
381 99
381 115
381 121
381 154
381 191
381 367
382 98
382 115
382 121
382 154
382 190
382 368
383 98
383 115
383 121
383 153
383 154
383 190
383 368
384 97
384 115
384 121
384 153
384 190
384 369
385 96
385 114
385 120
385 153
385 189
385 370
386 96
386 114
386 120
386 153
386 189
386 371
387 95
387 114
387 120
387 153
387 189
387 371
388 94
388 114
388 120
388 152
388 188
388 372
389 93
389 114
389 120
389 152
389 188
389 373
390 93
390 114
390 120
390 152
390 188
390 373
391 92
391 113
391 119
391 152
391 187
391 374
392 91
392 113
392 119
392 152
392 187
392 375
393 90
393 113
393 119
393 151
393 187
393 375
394 90
394 113
394 119
394 151
394 186
394 376
395 89
395 90
395 113
395 119
395 151
395 186
395 377
396 89
396 113
396 119
396 151
396 186
396 377
397 88
397 89
397 112
397 118
397 151
397 185
397 378
398 88
398 112
398 118
398 150
398 151
398 185
398 378
399 87
399 88
399 112
399 118
399 150
399 185
399 379
400 87
400 112
400 118
400 150
400 184
400 185
400 380
401 86
401 112
401 118
401 150
401 184
401 380
402 86
402 112
402 118
402 150
402 184
402 381
403 85
403 112
403 117
403 118
403 150
403 184
403 381
404 85
404 111
404 117
404 149
404 183
404 184
404 382
405 84
405 111
405 117
405 149
405 183
405 382
406 111
406 117
406 149
406 183
406 383
407 111
407 117
407 149
407 183
407 383
408 111
408 117
408 149
408 182
408 183
408 384
409 111
409 117
409 149
409 182
409 384
410 110
410 116
410 148
410 182
410 385
411 110
411 116
411 148
411 182
411 385
412 110
412 116
412 148
412 182
412 386
413 110
413 116
413 148
413 182
413 386
413 391
414 110
414 116
414 148
414 181
414 387
414 391
414 392
415 110
415 116
415 147
415 181
415 387
415 392
416 110
416 116
416 147
416 181
416 387
416 388
416 392
417 109
417 115
417 147
417 181
417 388
417 392
418 109
418 115
418 147
418 180
418 388
418 393
419 109
419 115
419 147
419 180
419 389
419 393
420 109
420 115
420 147
420 180
420 389
420 394
421 109
421 115
421 146
421 180
421 389
421 390
421 394
422 109
422 115
422 146
422 179
422 390
422 394
423 109
423 115
423 146
423 179
423 390
423 395
424 109
424 114
424 146
424 179
424 391
424 395
425 108
425 114
425 146
425 179
425 391
425 396
426 108
426 114
426 146
426 178
426 391
426 392
426 396
427 108
427 114
427 146
427 178
427 392
427 396
428 108
428 114
428 145
428 178
428 392
428 397
429 108
429 114
429 145
429 392
429 393
429 397
430 108
430 114
430 145
430 393
430 397
431 108
431 113
431 145
431 393
431 398
432 107
432 113
432 145
432 393
432 394
432 398
433 107
433 113
433 145
433 394
433 398
434 107
434 113
434 145
434 394
434 399
435 107
435 113
435 144
435 394
435 395
435 399
436 107
436 113
436 144
436 395
436 399
437 107
437 113
437 144
437 395
437 400
438 107
438 113
438 144
438 395
438 396
438 400
439 107
439 113
439 144
439 396
439 400
440 107
440 112
440 144
440 396
440 401
441 106
441 112
441 144
441 396
441 401
442 106
442 112
442 143
442 397
442 401
443 106
443 112
443 143
443 397
443 401
444 106
444 112
444 143
444 397
444 402
445 106
445 112
445 143
445 397
445 402
446 106
446 112
446 143
446 398
446 402
447 106
447 112
447 143
447 398
447 402
448 106
448 111
448 143
448 398
448 403
449 105
449 111
449 143
449 398
449 403
450 105
450 111
450 142
450 399
450 403
451 105
451 111
451 142
451 399
451 403
452 105
452 111
452 142
452 399
452 404
453 105
453 111
453 142
453 399
453 404
454 105
454 111
454 142
454 400
454 404
455 105
455 111
455 142
455 400
455 404
456 105
456 111
456 142
456 400
456 404
457 105
457 110
457 142
457 400
457 405
458 104
458 110
458 141
458 400
458 405
459 104
459 110
459 141
459 401
459 405
460 104
460 110
460 141
460 401
460 405
461 104
461 110
461 141
461 401
461 405
462 104
462 110
462 141
462 401
462 406
463 104
463 110
463 141
463 401
463 406
464 104
464 110
464 141
464 401
464 406
465 104
465 110
465 141
465 402
465 406
466 104
466 110
466 140
466 402
466 406
467 104
467 109
467 140
467 402
467 406
468 104
468 109
468 140
468 402
468 407
469 103
469 109
469 140
469 402
469 407
470 103
470 109
470 140
470 402
470 407
471 103
471 109
471 140
471 402
471 407
472 103
472 109
472 140
472 402
472 407
473 103
473 109
473 140
473 403
473 407
474 103
474 109
474 140
474 403
474 407
475 103
475 109
475 140
475 403
475 407
476 103
476 109
476 140
476 403
476 407
477 103
477 108
477 139
477 403
477 407
478 103
478 108
478 139
478 403
478 407
479 102
479 108
479 139
479 403
479 408
480 102
480 108
480 139
480 403
480 408
481 102
481 108
481 139
481 403
481 408
482 102
482 108
482 139
482 403
482 408
483 102
483 108
483 139
483 403
483 408
484 102
484 108
484 139
484 404
484 408
485 102
485 108
485 139
485 404
485 408
486 102
486 108
486 139
486 404
486 408
487 102
487 108
487 139
487 404
487 408
488 102
488 108
488 138
488 404
488 408
489 102
489 107
489 138
489 404
489 408
490 102
490 107
490 138
490 404
490 408
491 101
491 107
491 138
491 404
491 408
492 101
492 107
492 138
492 404
492 408
493 101
493 107
493 138
493 404
493 408
494 101
494 107
494 138
494 404
494 408
495 101
495 107
495 138
495 404
495 408
496 101
496 107
496 138
496 404
496 408
497 101
497 107
497 138
497 404
497 408
498 101
498 107
498 138
498 404
498 408
499 101
499 107
499 138
499 404
499 408
500 101
500 107
500 138
500 404
500 408
501 101
501 107
501 137
501 404
501 408
502 101
502 107
502 137
502 404
502 408
503 101
503 107
503 137
503 404
503 408
504 101
504 106
504 137
504 404
504 408
505 101
505 106
505 137
505 404
505 408
506 100
506 106
506 137
506 403
506 408
507 100
507 106
507 137
507 403
507 408
508 100
508 106
508 137
508 403
508 408
509 100
509 106
509 137
509 403
509 408
510 100
510 106
510 137
510 403
510 407
511 100
511 106
511 137
511 403
511 407
512 100
512 106
512 137
512 403
512 407
513 100
513 106
513 137
513 403
513 407
514 100
514 106
514 137
514 403
514 407
515 100
515 106
515 137
515 403
515 407
516 100
516 106
516 136
516 403
516 407
517 100
517 106
517 136
517 403
517 407
518 100
518 105
518 136
518 402
518 407
519 100
519 105
519 136
519 402
519 407
520 100
520 105
520 136
520 402
520 407
521 100
521 105
521 136
521 402
521 406
522 99
522 105
522 136
522 402
522 406
523 99
523 105
523 136
523 402
523 406
524 99
524 105
524 136
524 402
524 406
525 99
525 105
525 136
525 402
525 406
526 99
526 105
526 136
526 401
526 406
527 99
527 105
527 136
527 401
527 406
528 99
528 105
528 136
528 401
528 405
529 99
529 105
529 136
529 401
529 405
530 99
530 105
530 136
530 401
530 405
531 99
531 105
531 136
531 401
531 405
532 99
532 105
532 136
532 400
532 405
533 99
533 105
533 136
533 400
533 405
534 99
534 105
534 136
534 400
534 404
535 99
535 105
535 136
535 400
535 404
536 99
536 105
536 136
536 400
536 404
537 99
537 105
537 136
537 399
537 404
538 99
538 105
538 136
538 399
538 404
539 99
539 105
539 136
539 399
539 403
540 99
540 105
540 136
540 399
540 403
541 99
541 104
541 136
541 398
541 403
542 99
542 104
542 135
542 398
542 403
543 99
543 104
543 135
543 398
543 402
544 99
544 104
544 135
544 398
544 402
545 98
545 104
545 135
545 397
545 398
545 402
546 98
546 104
546 135
546 397
546 402
547 98
547 104
547 135
547 397
547 401
548 98
548 104
548 135
548 397
548 401
549 98
549 104
549 135
549 396
549 401
550 98
550 104
550 135
550 396
550 401
551 98
551 104
551 135
551 396
551 400
552 98
552 104
552 135
552 396
552 400
553 98
553 104
553 135
553 395
553 400
554 98
554 104
554 135
554 395
554 399
555 98
555 104
555 135
555 395
555 399
556 98
556 104
556 135
556 394
556 399
557 98
557 104
557 135
557 394
557 398
558 98
558 104
558 135
558 394
558 398
559 98
559 104
559 135
559 393
559 398
560 98
560 104
560 135
560 393
560 397
561 98
561 104
561 135
561 393
561 397
562 98
562 104
562 135
562 392
562 397
563 98
563 104
563 135
563 392
563 396
564 98
564 104
564 135
564 392
564 396
565 98
565 104
565 135
565 391
565 396
566 98
566 104
566 135
566 391
566 395
567 98
567 104
567 135
567 390
567 391
567 395
568 98
568 104
568 135
568 390
568 395
569 98
569 104
569 135
569 390
569 394
570 98
570 104
570 135
570 389
570 394
571 98
571 104
571 135
571 389
571 393
572 98
572 104
572 135
572 168
572 388
572 389
572 393
573 98
573 104
573 135
573 168
573 388
573 393
574 98
574 104
574 135
574 168
574 388
574 392
575 98
575 104
575 135
575 168
575 387
575 392
576 98
576 104
576 135
576 168
576 387
576 391
577 98
577 104
577 135
577 168
577 386
577 387
577 391
578 98
578 104
578 135
578 168
578 386
578 391
579 98
579 104
579 135
579 168
579 385
579 386
579 390
580 98
580 104
580 135
580 168
580 385
580 390
581 98
581 104
581 136
581 169
581 384
581 385
581 389
582 98
582 104
582 136
582 169
582 384
582 389
583 98
583 104
583 136
583 169
583 383
583 384
583 388
583 389
584 98
584 104
584 136
584 169
584 383
584 388
585 98
585 104
585 136
585 169
585 383
585 387
585 388
586 98
586 104
586 136
586 169
586 382
586 387
587 98
587 104
587 136
587 169
587 382
587 386
587 387
588 98
588 104
588 136
588 169
588 381
588 386
589 98
589 104
589 136
589 169
589 380
589 381
589 385
589 386
590 98
590 104
590 136
590 169
590 380
590 385
591 98
591 104
591 136
591 170
591 379
591 380
591 384
591 385
592 98
592 104
592 136
592 170
592 379
592 384
593 98
593 104
593 136
593 170
593 378
593 379
593 383
594 98
594 104
594 136
594 170
594 378
594 383
595 98
595 104
595 136
595 170
595 377
595 378
595 382
596 98
596 104
596 136
596 170
596 377
596 382
597 98
597 104
597 136
597 170
597 376
597 381
598 98
598 104
598 136
598 170
598 375
598 376
598 381
599 98
599 104
599 136
599 171
599 375
599 380
600 98
600 104
600 136
600 171
600 374
600 375
600 379
601 98
601 104
601 136
601 171
601 374
601 379
602 98
602 104
602 136
602 171
602 373
602 378
603 98
603 104
603 136
603 171
603 372
603 373
603 377
604 98
604 104
604 136
604 171
604 372
604 377
605 98
605 104
605 136
605 172
605 371
605 372
605 376
606 98
606 104
606 136
606 172
606 370
606 371
606 376
607 98
607 104
607 137
607 172
607 370
607 375
608 98
608 104
608 137
608 172
608 369
608 370
608 374
609 98
609 104
609 137
609 172
609 368
609 369
609 374
610 98
610 104
610 137
610 172
610 368
610 373
611 98
611 104
611 137
611 172
611 367
611 372
612 98
612 104
612 137
612 173
612 366
612 367
612 371
613 98
613 104
613 137
613 173
613 365
613 366
613 371
614 98
614 104
614 137
614 173
614 365
614 370
615 98
615 104
615 137
615 173
615 364
615 365
615 369
616 98
616 104
616 137
616 173
616 363
616 364
616 368
617 98
617 104
617 137
617 174
617 362
617 363
617 368
618 98
618 104
618 137
618 174
618 362
618 367
619 98
619 104
619 105
619 137
619 174
619 361
619 366
620 99
620 105
620 137
620 174
620 360
620 361
620 365
621 99
621 105
621 137
621 174
621 359
621 360
621 364
622 99
622 100
622 105
622 137
622 175
622 358
622 359
622 364
623 100
623 101
623 105
623 137
623 175
623 357
623 358
623 363
623 364
624 101
624 105
624 138
624 175
624 357
624 362
624 363
625 101
625 102
625 104
625 105
625 138
625 175
625 356
625 361
625 362
626 102
626 103
626 138
626 175
626 355
626 356
626 360
626 361
627 138
627 176
627 354
627 355
627 359
627 360
628 138
628 176
628 353
628 354
628 359
629 138
629 176
629 352
629 353
629 358
629 359
630 138
630 176
630 351
630 352
630 357
630 358
631 138
631 177
631 350
631 351
631 356
631 357
632 138
632 177
632 349
632 350
632 355
632 356
633 138
633 177
633 348
633 349
633 354
633 355
634 138
634 177
634 347
634 348
634 353
634 354
635 138
635 178
635 346
635 347
635 352
635 353
636 138
636 178
636 345
636 346
636 351
636 352
637 139
637 178
637 344
637 345
637 350
637 351
638 139
638 178
638 343
638 344
638 349
638 350
639 139
639 179
639 342
639 343
639 348
639 349
640 139
640 179
640 341
640 342
640 347
640 348
641 139
641 179
641 340
641 341
641 346
641 347
642 139
642 179
642 339
642 340
642 345
642 346
643 139
643 180
643 338
643 339
643 344
643 345
644 139
644 180
644 337
644 338
644 343
644 344
645 139
645 180
645 335
645 336
645 342
645 343
646 140
646 181
646 334
646 335
646 341
646 342
647 140
647 181
647 333
647 334
647 340
647 341
648 140
648 181
648 332
648 333
648 339
648 340
649 140
649 182
649 337
649 338
650 140
650 182
650 336
650 337
651 140
651 182
651 335
651 336
652 140
652 183
652 334
652 335
653 140
653 183
653 333
653 334
654 140
654 183
654 331
654 332
655 140
655 184
655 330
656 141
656 184
656 328
656 329
657 141
657 185
657 327
658 141
658 185
658 325
658 326
659 141
659 185
659 324
660 73
660 74
660 75
660 76
660 77
660 141
660 186
660 317
660 322
660 323
661 73
661 77
661 141
661 142
661 186
661 320
661 321
662 73
662 77
662 78
662 79
662 142
662 143
662 187
662 314
662 318
662 319
663 73
663 80
663 81
663 143
663 144
663 187
663 313
663 314
663 317
663 318
664 73
664 81
664 82
664 83
664 145
664 146
664 188
664 311
664 312
664 316
665 73
665 83
665 84
665 146
665 147
665 188
665 310
665 311
665 316
666 73
666 80
666 84
666 85
666 86
666 148
666 149
666 188
666 189
666 309
666 310
666 315
667 73
667 80
667 86
667 87
667 88
667 149
667 150
667 151
667 189
667 307
667 308
667 309
667 315
668 73
668 80
668 88
668 89
668 151
668 152
668 189
668 190
668 305
668 306
668 307
668 315
669 73
669 80
669 90
669 91
669 152
669 153
669 154
669 190
669 304
669 305
669 315
670 73
670 80
670 91
670 92
670 93
670 154
670 155
670 191
670 302
670 303
670 314
671 73
671 80
671 94
671 95
671 156
671 157
671 191
671 192
671 300
671 301
671 314
672 73
672 80
672 96
672 97
672 158
672 159
672 173
672 192
672 298
672 299
672 314
673 74
673 80
673 85
673 98
673 99
673 100
673 160
673 161
673 172
673 173
673 174
673 192
673 193
673 296
673 297
673 298
673 314
674 74
674 80
674 85
674 100
674 101
674 102
674 162
674 163
674 174
674 175
674 176
674 193
674 293
674 294
674 295
674 314
675 74
675 80
675 85
675 102
675 103
675 164
675 165
675 177
675 178
675 179
675 194
675 290
675 291
675 292
675 313
675 314
676 74
676 80
676 85
676 103
676 104
676 105
676 106
676 166
676 167
676 168
676 180
676 181
676 194
676 195
676 287
676 288
676 289
676 290
676 313
677 74
677 80
677 85
677 104
677 105
677 107
677 108
677 109
677 168
677 169
677 170
677 182
677 183
677 184
677 185
677 195
677 284
677 285
677 286
677 297
677 313
678 74
678 81
678 85
678 104
678 109
678 110
678 171
678 172
678 186
678 187
678 188
678 280
678 281
678 282
678 283
678 297
678 313
679 74
679 81
679 85
679 110
679 111
679 112
679 113
679 114
679 173
679 174
679 175
679 189
679 190
679 191
679 277
679 278
679 279
679 280
679 297
679 313
680 74
680 81
680 85
680 103
680 114
680 115
680 176
680 177
680 178
680 191
680 192
680 193
680 194
680 195
680 274
680 275
680 276
680 277
680 297
680 313
681 74
681 81
681 85
681 103
681 110
681 116
681 178
681 179
681 180
681 181
681 195
681 196
681 197
681 198
681 271
681 272
681 273
681 274
681 297
681 312
682 74
682 81
682 85
682 103
682 104
682 109
682 117
682 181
682 182
682 183
682 184
682 199
682 200
682 201
682 265
682 266
682 267
682 268
682 269
682 270
682 297
682 312
683 74
683 81
683 86
683 104
683 109
683 117
683 184
683 185
683 186
683 187
683 201
683 202
683 203
683 204
683 260
683 261
683 262
683 263
683 264
683 265
683 279
683 296
683 312
684 74
684 81
684 86
684 104
684 109
684 117
684 187
684 188
684 189
684 190
684 205
684 206
684 207
684 208
684 209
684 251
684 252
684 253
684 254
684 255
684 256
684 257
684 258
684 259
684 260
684 279
684 296
684 312
685 74
685 81
685 86
685 104
685 110
685 117
685 118
685 191
685 192
685 193
685 194
685 210
685 211
685 212
685 213
685 214
685 215
685 216
685 217
685 218
685 219
685 220
685 221
685 222
685 223
685 224
685 235
685 236
685 237
685 238
685 239
685 240
685 241
685 242
685 243
685 244
685 245
685 246
685 247
685 248
685 249
685 250
685 278
685 296
685 312
686 74
686 81
686 86
686 104
686 110
686 118
686 136
686 137
686 138
686 139
686 140
686 195
686 196
686 197
686 198
686 225
686 226
686 227
686 228
686 229
686 230
686 231
686 232
686 233
686 234
686 270
686 278
686 296
686 311
687 75
687 81
687 86
687 104
687 110
687 118
687 135
687 140
687 141
687 142
687 143
687 144
687 199
687 200
687 201
687 202
687 270
687 278
687 295
687 311
688 75
688 81
688 86
688 104
688 110
688 118
688 135
688 145
688 146
688 147
688 148
688 203
688 204
688 205
688 206
688 207
688 208
688 269
688 277
688 295
688 311
689 75
689 81
689 86
689 104
689 110
689 118
689 135
689 149
689 150
689 151
689 152
689 153
689 154
689 155
689 156
689 157
689 158
689 159
689 209
689 210
689 211
689 212
689 213
689 214
689 215
689 216
689 217
689 218
689 219
689 240
689 241
689 242
689 243
689 244
689 245
689 246
689 247
689 248
689 249
689 250
689 251
689 252
689 269
689 277
689 295
689 311
690 75
690 81
690 86
690 104
690 110
690 118
690 135
690 160
690 161
690 162
690 163
690 164
690 165
690 166
690 167
690 174
690 177
690 178
690 220
690 221
690 222
690 223
690 224
690 225
690 226
690 227
690 228
690 229
690 230
690 231
690 232
690 233
690 234
690 235
690 236
690 237
690 238
690 239
690 268
690 269
690 277
690 295
690 311
691 75
691 82
691 86
691 104
691 110
691 118
691 135
691 168
691 169
691 170
691 171
691 172
691 173
691 175
691 176
691 177
691 179
691 180
691 181
691 182
691 183
691 184
691 185
691 186
691 187
691 188
691 189
691 190
691 191
691 268
691 277
691 295
691 310
691 311
692 75
692 82
692 86
692 105
692 110
692 118
692 119
692 136
692 143
692 191
692 192
692 268
692 276
692 294
692 310
693 75
693 82
693 86
693 105
693 111
693 119
693 136
693 143
693 192
693 193
693 267
693 268
693 276
693 294
693 310
694 75
694 82
694 86
694 105
694 111
694 119
694 136
694 143
694 193
694 194
694 235
694 267
694 276
694 294
694 310
695 75
695 82
695 86
695 105
695 111
695 119
695 136
695 143
695 194
695 234
695 235
695 267
695 275
695 294
695 310
696 75
696 82
696 86
696 105
696 111
696 119
696 136
696 144
696 194
696 195
696 233
696 266
696 267
696 275
696 293
696 309
696 310
697 75
697 82
697 87
697 105
697 111
697 119
697 137
697 144
697 195
697 196
697 232
697 266
697 275
697 293
697 309
698 75
698 82
698 87
698 105
698 111
698 119
698 137
698 144
698 196
698 197
698 231
698 266
698 274
698 275
698 293
698 309
699 75
699 76
699 82
699 87
699 105
699 111
699 120
699 137
699 144
699 197
699 198
699 230
699 265
699 266
699 274
699 293
699 309
700 76
700 82
700 87
700 105
700 111
700 120
700 137
700 145
700 198
700 199
700 229
700 265
700 274
700 292
700 309
701 76
701 83
701 87
701 106
701 112
701 120
701 137
701 145
701 199
701 200
701 228
701 265
701 274
701 292
701 308
701 309
702 76
702 83
702 87
702 106
702 112
702 120
702 137
702 138
702 145
702 200
702 201
702 226
702 227
702 264
702 273
702 292
702 308
703 76
703 83
703 87
703 106
703 112
703 120
703 138
703 145
703 202
703 203
703 225
703 264
703 273
703 292
703 308
704 76
704 83
704 87
704 106
704 112
704 120
704 138
704 145
704 203
704 204
704 205
704 223
704 224
704 264
704 273
704 292
704 308
705 76
705 83
705 88
705 106
705 112
705 120
705 138
705 146
705 205
705 206
705 207
705 220
705 221
705 222
705 263
705 272
705 291
705 308
706 76
706 83
706 88
706 106
706 112
706 121
706 138
706 146
706 208
706 209
706 210
706 211
706 212
706 213
706 214
706 215
706 216
706 217
706 218
706 219
706 263
706 272
706 291
706 307
706 308
707 76
707 83
707 88
707 106
707 112
707 121
707 139
707 146
707 263
707 272
707 291
707 307
708 76
708 83
708 88
708 106
708 107
708 113
708 121
708 139
708 146
708 262
708 271
708 272
708 291
708 307
709 76
709 83
709 88
709 107
709 113
709 121
709 139
709 147
709 262
709 271
709 290
709 307
710 77
710 83
710 88
710 107
710 113
710 121
710 139
710 147
710 261
710 262
710 271
710 290
710 307
711 77
711 83
711 88
711 107
711 113
711 121
711 139
711 147
711 261
711 270
711 271
711 290
711 306
712 77
712 84
712 88
712 107
712 113
712 121
712 140
712 147
712 261
712 270
712 289
712 290
712 306
713 77
713 84
713 88
713 107
713 113
713 122
713 140
713 148
713 260
713 270
713 289
713 306
714 77
714 84
714 88
714 107
714 113
714 122
714 140
714 148
714 260
714 269
714 270
714 289
714 306
715 77
715 84
715 88
715 108
715 114
715 122
715 140
715 148
715 259
715 260
715 269
715 289
715 306
716 77
716 84
716 89
716 108
716 114
716 122
716 140
716 141
716 148
716 259
716 269
716 288
716 289
716 305
717 77
717 84
717 89
717 108
717 114
717 122
717 141
717 149
717 259
717 268
717 269
717 288
717 305
718 77
718 84
718 89
718 108
718 114
718 123
718 141
718 149
718 258
718 268
718 288
718 305
719 77
719 84
719 89
719 108
719 114
719 123
719 141
719 149
719 258
719 268
719 288
719 305
720 78
720 84
720 89
720 108
720 114
720 123
720 141
720 142
720 149
720 257
720 267
720 268
720 287
720 304
720 305
721 78
721 85
721 89
721 108
721 115
721 123
721 142
721 150
721 257
721 267
721 287
721 304
722 78
722 85
722 89
722 109
722 115
722 123
722 142
722 150
722 256
722 257
722 267
722 287
722 304
723 78
723 85
723 89
723 109
723 115
723 123
723 142
723 150
723 256
723 266
723 287
723 304
724 78
724 85
724 89
724 109
724 115
724 124
724 142
724 143
724 151
724 256
724 266
724 286
724 304
725 78
725 85
725 89
725 109
725 115
725 124
725 143
725 151
725 255
725 266
725 286
725 303
726 78
726 85
726 90
726 109
726 115
726 124
726 143
726 151
726 255
726 265
726 286
726 303
727 78
727 85
727 90
727 109
727 116
727 124
727 143
727 151
727 254
727 265
727 286
727 303
728 78
728 85
728 90
728 109
728 110
728 116
728 124
728 143
728 144
728 152
728 254
728 264
728 265
728 285
728 303
729 79
729 86
729 90
729 110
729 116
729 125
729 144
729 152
729 253
729 254
729 264
729 285
729 302
730 79
730 86
730 90
730 110
730 116
730 125
730 144
730 152
730 253
730 264
730 285
730 302
731 79
731 86
731 90
731 110
731 116
731 125
731 144
731 153
731 252
731 253
731 263
731 264
731 284
731 302
732 79
732 86
732 90
732 110
732 116
732 125
732 145
732 153
732 252
732 263
732 284
732 302
733 79
733 86
733 90
733 110
733 117
733 125
733 145
733 153
733 251
733 252
733 263
733 284
733 301
734 79
734 86
734 91
734 111
734 117
734 126
734 145
734 154
734 251
734 256
734 262
734 284
734 301
735 79
735 86
735 91
735 111
735 117
735 126
735 145
735 146
735 154
735 250
735 251
735 256
735 262
735 283
735 301
736 79
736 86
736 91
736 111
736 117
736 126
736 146
736 154
736 250
736 255
736 261
736 262
736 283
736 301
737 80
737 87
737 91
737 111
737 117
737 126
737 146
737 155
737 250
737 255
737 261
737 283
737 300
737 301
738 80
738 87
738 91
738 111
738 118
738 127
738 146
738 155
738 249
738 254
738 261
738 282
738 300
739 80
739 87
739 91
739 111
739 118
739 127
739 147
739 155
739 248
739 249
739 254
739 260
739 282
739 300
740 80
740 87
740 92
740 112
740 118
740 127
740 147
740 156
740 248
740 254
740 260
740 282
740 300
741 80
741 87
741 92
741 112
741 118
741 127
741 147
741 156
741 247
741 248
741 253
741 259
741 260
741 282
741 299
741 300
742 80
742 87
742 92
742 112
742 118
742 128
742 148
742 157
742 247
742 253
742 259
742 281
742 299
743 80
743 87
743 92
743 112
743 119
743 128
743 148
743 157
743 246
743 247
743 252
743 258
743 259
743 281
743 299
744 81
744 88
744 92
744 112
744 119
744 128
744 148
744 157
744 246
744 252
744 258
744 281
744 299
745 81
745 88
745 92
745 113
745 119
745 128
745 149
745 158
745 245
745 251
745 258
745 280
745 299
746 81
746 88
746 92
746 113
746 119
746 128
746 149
746 158
746 244
746 245
746 251
746 257
746 280
746 298
747 81
747 88
747 93
747 113
747 120
747 129
747 149
747 159
747 244
747 250
747 257
747 280
747 298
748 81
748 88
748 93
748 113
748 120
748 129
748 150
748 159
748 243
748 244
748 250
748 256
748 257
748 279
748 298
749 81
749 88
749 93
749 113
749 120
749 129
749 150
749 159
749 243
749 249
749 256
749 279
749 297
749 298
750 81
750 88
750 93
750 114
750 120
750 130
750 150
750 160
750 164
750 242
750 249
750 255
750 256
750 279
750 297
751 82
751 89
751 93
751 114
751 120
751 130
751 151
751 160
751 164
751 241
751 242
751 248
751 255
751 278
751 297
752 82
752 89
752 93
752 114
752 121
752 130
752 151
752 161
752 165
752 241
752 248
752 254
752 255
752 278
752 297
753 82
753 89
753 94
753 114
753 121
753 130
753 151
753 161
753 165
753 240
753 241
753 247
753 254
753 278
753 296
753 297
754 82
754 89
754 94
754 114
754 121
754 131
754 152
754 162
754 166
754 239
754 240
754 247
754 253
754 254
754 277
754 278
754 296
755 82
755 89
755 94
755 115
755 121
755 131
755 152
755 162
755 166
755 239
755 246
755 253
755 277
755 296
756 82
756 89
756 94
756 115
756 122
756 131
756 152
756 153
756 163
756 167
756 238
756 239
756 246
756 252
756 253
756 277
756 296
757 82
757 90
757 94
757 115
757 122
757 131
757 153
757 163
757 167
757 237
757 238
757 245
757 252
757 277
757 295
758 83
758 90
758 94
758 115
758 122
758 132
758 153
758 164
758 168
758 237
758 244
758 252
758 276
758 295
759 83
759 90
759 95
759 116
759 122
759 132
759 154
759 164
759 168
759 236
759 244
759 251
759 276
759 295
760 83
760 87
760 90
760 95
760 116
760 123
760 132
760 154
760 165
760 169
760 243
760 251
760 276
760 295
761 83
761 87
761 90
761 95
761 116
761 123
761 133
761 154
761 155
761 165
761 170
761 243
761 250
761 275
761 294
762 83
762 87
762 90
762 95
762 116
762 123
762 133
762 155
762 166
762 170
762 242
762 250
762 275
762 294
763 83
763 87
763 91
763 95
763 116
763 117
763 123
763 133
763 155
763 166
763 171
763 241
763 249
763 275
763 294
764 84
764 87
764 91
764 96
764 117
764 124
764 133
764 134
764 156
764 167
764 171
764 241
764 248
764 249
764 274
764 294
765 84
765 87
765 91
765 96
765 117
765 124
765 134
765 156
765 167
765 172
765 240
765 248
765 274
765 293
766 84
766 88
766 91
766 96
766 117
766 124
766 134
766 157
766 168
766 173
766 239
766 247
766 248
766 273
766 274
766 293
767 84
767 88
767 91
767 96
767 117
767 124
767 134
767 157
767 169
767 173
767 239
767 247
767 273
767 293
768 84
768 88
768 91
768 96
768 118
768 125
768 135
768 158
768 169
768 170
768 174
768 238
768 246
768 247
768 273
768 292
768 293
769 84
769 88
769 92
769 96
769 118
769 125
769 135
769 158
769 170
769 175
769 237
769 246
769 272
769 273
769 292
770 85
770 88
770 92
770 97
770 118
770 125
770 135
770 158
770 159
770 171
770 176
770 236
770 245
770 246
770 272
770 292
771 85
771 88
771 92
771 97
771 118
771 125
771 136
771 159
771 171
771 172
771 177
771 236
771 245
771 272
771 292
772 85
772 89
772 92
772 97
772 119
772 126
772 136
772 159
772 160
772 172
772 178
772 235
772 244
772 271
772 291
773 85
773 89
773 92
773 97
773 119
773 126
773 136
773 160
773 173
773 179
773 234
773 243
773 244
773 271
773 291
774 85
774 89
774 92
774 93
774 97
774 119
774 126
774 137
774 160
774 161
774 173
774 174
774 180
774 229
774 233
774 243
774 271
774 291
775 85
775 89
775 93
775 98
775 119
775 126
775 137
775 161
775 174
775 175
775 181
775 227
775 228
775 232
775 242
775 243
775 270
775 290
775 291
776 86
776 89
776 93
776 98
776 120
776 127
776 137
776 138
776 162
776 175
776 176
776 182
776 226
776 231
776 242
776 270
776 290
777 86
777 89
777 93
777 98
777 120
777 127
777 138
777 162
777 176
777 183
777 225
777 231
777 241
777 270
777 290
778 86
778 90
778 93
778 98
778 120
778 127
778 138
778 163
778 177
778 184
778 224
778 230
778 240
778 241
778 269
778 290
779 86
779 90
779 93
779 98
779 120
779 121
779 128
779 139
779 163
779 164
779 177
779 178
779 185
779 223
779 229
779 240
779 269
779 289
780 86
780 90
780 94
780 99
780 121
780 128
780 139
780 164
780 178
780 179
780 186
780 187
780 221
780 222
780 227
780 228
780 239
780 268
780 269
780 289
781 86
781 90
781 94
781 99
781 121
781 128
781 139
781 164
781 165
781 179
781 180
781 188
781 220
781 226
781 238
781 239
781 268
781 289
782 87
782 90
782 94
782 99
782 121
782 129
782 139
782 140
782 165
782 166
782 180
782 181
782 189
782 190
782 218
782 219
782 225
782 238
782 268
782 288
782 289
783 87
783 91
783 94
783 99
783 122
783 129
783 140
783 166
783 181
783 182
783 183
783 191
783 192
783 216
783 217
783 224
783 237
783 267
783 288
784 87
784 91
784 94
784 99
784 122
784 129
784 140
784 166
784 167
784 183
784 184
784 192
784 193
784 194
784 214
784 215
784 223
784 236
784 237
784 267
784 288
785 87
785 91
785 95
785 99
785 122
785 129
785 141
785 167
785 184
785 185
785 195
785 196
785 197
785 210
785 211
785 212
785 213
785 221
785 222
785 235
785 236
785 267
785 288
786 87
786 91
786 95
786 100
786 122
786 123
786 130
786 141
786 168
786 185
786 186
786 198
786 199
786 200
786 201
786 202
786 203
786 204
786 205
786 206
786 207
786 208
786 209
786 220
786 221
786 235
786 266
786 287
787 88
787 91
787 95
787 100
787 123
787 130
787 141
787 142
787 168
787 169
787 187
787 188
787 218
787 219
787 220
787 234
787 235
787 266
787 287
788 88
788 92
788 95
788 100
788 123
788 130
788 142
788 169
788 170
788 188
788 189
788 190
788 216
788 217
788 218
788 233
788 234
788 265
788 287
789 88
789 92
789 95
789 100
789 123
789 131
789 142
789 143
789 170
789 171
789 190
789 191
789 192
789 214
789 215
789 216
789 232
789 233
789 265
789 286
790 88
790 92
790 96
790 101
790 124
790 131
790 143
790 171
790 192
790 193
790 194
790 211
790 212
790 213
790 231
790 232
790 264
790 265
790 286
791 88
791 92
791 96
791 101
791 124
791 131
791 143
791 144
791 171
791 172
791 195
791 196
791 197
791 198
791 207
791 208
791 209
791 210
791 211
791 230
791 231
791 264
791 286
792 89
792 92
792 96
792 101
792 124
792 132
792 144
792 172
792 173
792 198
792 199
792 200
792 201
792 202
792 203
792 204
792 205
792 206
792 207
792 229
792 230
792 264
792 285
792 286
793 89
793 93
793 96
793 101
793 125
793 132
793 144
793 173
793 174
793 229
793 263
793 285
794 89
794 93
794 97
794 102
794 125
794 132
794 144
794 145
794 174
794 175
794 228
794 263
794 285
795 89
795 93
795 97
795 102
795 125
795 133
795 145
795 175
795 176
795 227
795 228
795 262
795 263
795 284
795 285
796 89
796 93
796 97
796 102
796 125
796 126
796 133
796 145
796 176
796 177
796 225
796 226
796 262
796 284
797 90
797 93
797 97
797 102
797 126
797 133
797 146
797 177
797 178
797 224
797 225
797 262
797 279
797 284
798 90
798 94
798 97
798 102
798 126
798 134
798 146
798 178
798 179
798 223
798 224
798 261
798 279
798 284
799 90
799 94
799 98
799 103
799 126
799 127
799 134
799 146
799 147
799 179
799 180
799 222
799 223
799 261
799 278
799 283
800 90
800 94
800 98
800 103
800 127
800 135
800 147
800 180
800 181
800 182
800 221
800 222
800 255
800 260
800 278
800 283
801 91
801 94
801 98
801 103
801 127
801 135
801 147
801 148
801 182
801 183
801 219
801 220
801 255
801 260
801 278
801 283
802 91
802 95
802 98
802 103
802 127
802 128
802 135
802 148
802 183
802 184
802 185
802 218
802 219
802 254
802 259
802 260
802 277
802 282
803 91
803 95
803 99
803 104
803 128
803 136
803 148
803 149
803 185
803 186
803 216
803 217
803 254
803 259
803 277
803 282
804 91
804 95
804 99
804 104
804 128
804 136
804 149
804 187
804 188
804 214
804 215
804 253
804 258
804 259
804 277
804 282
805 91
805 95
805 99
805 104
805 129
805 137
805 149
805 150
805 189
805 190
805 191
805 211
805 212
805 213
805 253
805 258
805 276
805 281
806 92
806 96
806 99
806 104
806 129
806 137
806 150
806 191
806 192
806 193
806 194
806 207
806 208
806 209
806 210
806 252
806 258
806 276
806 281
807 92
807 96
807 100
807 105
807 129
807 137
807 150
807 151
807 195
807 196
807 197
807 198
807 199
807 200
807 201
807 202
807 203
807 204
807 205
807 206
807 207
807 251
807 257
807 275
807 276
807 281
808 92
808 96
808 100
808 105
808 130
808 138
808 151
808 251
808 257
808 275
808 280
809 92
809 96
809 100
809 105
809 130
809 138
809 152
809 250
809 256
809 275
809 280
810 93
810 96
810 97
810 100
810 105
810 130
810 131
810 139
810 152
810 153
810 250
810 256
810 274
810 275
810 280
811 93
811 97
811 101
811 106
811 131
811 139
811 153
811 249
811 255
811 274
811 279
812 93
812 97
812 101
812 106
812 131
812 139
812 153
812 154
812 249
812 255
812 274
812 279
813 93
813 97
813 101
813 106
813 132
813 140
813 154
813 248
813 254
813 273
813 278
813 279
814 94
814 97
814 98
814 101
814 106
814 132
814 140
814 155
814 248
814 254
814 273
814 278
815 94
815 98
815 102
815 107
815 132
815 133
815 141
815 155
815 156
815 247
815 253
815 254
815 272
815 273
815 278
816 94
816 98
816 102
816 107
816 133
816 141
816 156
816 247
816 253
816 272
816 277
816 278
817 94
817 98
817 102
817 107
817 133
817 142
817 156
817 157
817 246
817 252
817 253
817 272
817 277
818 95
818 98
818 99
818 102
818 103
818 108
818 134
818 142
818 157
818 246
818 252
818 271
818 277
819 95
819 99
819 103
819 108
819 134
819 143
819 158
819 245
819 251
819 271
819 276
819 277
820 95
820 99
820 103
820 108
820 134
820 135
820 143
820 158
820 159
820 244
820 251
820 271
820 276
821 95
821 99
821 103
821 109
821 135
821 144
821 159
821 160
821 244
821 250
821 270
821 276
822 96
822 100
822 104
822 109
822 135
822 136
822 144
822 160
822 243
822 250
822 270
822 275
823 96
823 100
823 104
823 109
823 136
823 145
823 161
823 243
823 249
823 269
823 270
823 275
824 96
824 100
824 104
824 110
824 136
824 145
824 161
824 162
824 242
824 249
824 269
824 275
825 96
825 100
825 104
825 105
825 110
825 137
825 146
825 162
825 163
825 241
825 248
825 269
825 274
826 97
826 101
826 105
826 110
826 137
826 146
826 163
826 164
826 241
826 247
826 248
826 268
826 274
827 97
827 101
827 105
827 110
827 138
827 147
827 164
827 165
827 240
827 247
827 268
827 273
827 274
828 97
828 101
828 105
828 111
828 138
828 147
828 165
828 166
828 239
828 246
828 247
828 267
828 268
828 273
829 97
829 98
829 102
829 106
829 111
829 139
829 148
829 166
829 239
829 246
829 267
829 273
830 98
830 102
830 106
830 111
830 139
830 149
830 166
830 167
830 238
830 245
830 246
830 267
830 272
830 273
831 98
831 102
831 106
831 112
831 140
831 149
831 168
831 169
831 237
831 245
831 266
831 272
832 98
832 102
832 103
832 107
832 112
832 140
832 150
832 169
832 170
832 237
832 244
832 266
832 272
833 99
833 103
833 107
833 112
833 141
833 150
833 170
833 171
833 236
833 243
833 244
833 265
833 271
834 99
834 103
834 107
834 113
834 141
834 142
834 151
834 171
834 172
834 235
834 243
834 265
834 271
835 99
835 103
835 107
835 108
835 113
835 142
835 152
835 172
835 173
835 235
835 242
835 243
835 264
835 265
835 270
835 271
836 100
836 104
836 108
836 113
836 142
836 143
836 152
836 173
836 174
836 175
836 234
836 242
836 264
836 270
837 100
837 104
837 108
837 114
837 143
837 153
837 175
837 176
837 233
837 241
837 264
837 270
838 100
838 104
838 108
838 109
838 114
838 143
838 144
838 154
838 177
838 178
838 232
838 240
838 241
838 263
838 269
839 100
839 101
839 105
839 109
839 114
839 144
839 154
839 178
839 179
839 180
839 231
839 240
839 263
839 269
840 101
840 105
840 109
840 115
840 145
840 155
840 180
840 181
840 231
840 239
840 262
840 263
840 268
840 269
841 101
841 105
841 109
841 110
841 115
841 145
841 146
841 156
841 230
841 238
841 239
841 262
841 268
842 101
842 106
842 110
842 115
842 146
842 157
842 229
842 238
842 261
842 262
842 268
843 102
843 106
843 110
843 116
843 146
843 147
843 158
843 228
843 237
843 261
843 267
844 102
844 106
844 110
844 111
844 116
844 147
844 159
844 227
844 236
844 237
844 261
844 267
845 102
845 107
845 111
845 116
845 148
845 160
845 226
845 235
845 236
845 260
845 266
845 267
846 103
846 107
846 111
846 117
846 148
846 149
846 161
846 225
846 235
846 260
846 266
847 103
847 107
847 112
847 117
847 149
847 162
847 224
847 234
847 235
847 254
847 259
847 266
848 103
848 108
848 112
848 118
848 150
848 163
848 223
848 233
848 234
848 254
848 259
848 265
849 104
849 108
849 112
849 118
849 150
849 151
849 164
849 222
849 232
849 233
849 253
849 258
849 265
850 104
850 108
850 113
850 119
850 151
850 152
850 165
850 221
850 232
850 253
850 258
850 264
851 104
851 109
851 113
851 119
851 152
851 166
851 220
851 231
851 232
851 252
851 257
851 258
851 264
852 105
852 109
852 113
852 114
852 119
852 152
852 153
852 167
852 219
852 230
852 231
852 252
852 257
852 263
852 264
853 105
853 109
853 114
853 120
853 153
853 154
853 168
853 218
853 229
853 230
853 251
853 256
853 257
853 263
854 105
854 106
854 110
854 114
854 120
854 154
854 155
854 169
854 216
854 217
854 228
854 229
854 251
854 256
854 263
855 106
855 110
855 115
855 121
855 155
855 170
855 171
855 215
855 227
855 228
855 250
855 255
855 256
855 262
856 106
856 110
856 111
856 115
856 121
856 156
856 172
856 213
856 214
856 226
856 227
856 250
856 255
856 262
857 106
857 107
857 111
857 115
857 116
857 121
857 156
857 157
857 173
857 174
857 212
857 226
857 249
857 254
857 255
857 261
858 107
858 111
858 116
858 122
858 157
858 158
858 175
858 210
858 211
858 225
858 226
858 249
858 254
858 261
859 107
859 112
859 116
859 122
859 158
859 159
859 176
859 177
859 208
859 209
859 224
859 225
859 248
859 253
859 254
859 260
859 261
860 108
860 112
860 117
860 123
860 159
860 160
860 178
860 179
860 205
860 206
860 207
860 223
860 224
860 248
860 253
860 260
861 108
861 112
861 113
861 117
861 123
861 160
861 161
861 180
861 181
861 182
861 202
861 203
861 204
861 222
861 223
861 247
861 252
861 253
861 259
861 260
862 108
862 109
862 113
862 117
862 118
862 124
862 161
862 162
862 183
862 184
862 185
862 186
862 198
862 199
862 200
862 201
862 220
862 221
862 247
862 252
862 259
863 109
863 113
863 118
863 124
863 162
863 163
863 187
863 188
863 189
863 190
863 191
863 192
863 193
863 194
863 195
863 196
863 197
863 219
863 220
863 246
863 251
863 252
863 258
863 259
864 109
864 114
864 118
864 119
864 124
864 163
864 164
864 218
864 219
864 246
864 251
864 258
865 110
865 114
865 119
865 125
865 164
865 165
865 217
865 218
865 245
865 250
865 251
865 257
865 258
866 110
866 114
866 115
866 119
866 125
866 166
866 167
866 216
866 217
866 245
866 250
866 257
867 110
867 111
867 115
867 120
867 126
867 167
867 168
867 214
867 215
867 244
867 249
867 250
867 256
867 257
868 111
868 115
868 120
868 126
868 168
868 169
868 170
868 213
868 214
868 244
868 249
868 256
869 111
869 116
869 121
869 127
869 170
869 171
869 211
869 212
869 243
869 248
869 255
869 256
870 112
870 116
870 121
870 128
870 171
870 172
870 173
870 209
870 210
870 242
870 248
870 255
871 112
871 117
871 122
871 128
871 173
871 174
871 175
871 207
871 208
871 209
871 242
871 247
871 254
871 255
872 112
872 113
872 117
872 122
872 129
872 175
872 176
872 177
872 204
872 205
872 206
872 241
872 246
872 247
872 254
873 113
873 117
873 118
873 122
873 123
873 129
873 178
873 179
873 180
873 202
873 203
873 204
873 241
873 246
873 253
873 254
874 113
874 114
874 118
874 123
874 130
874 181
874 182
874 183
874 184
874 197
874 198
874 199
874 200
874 201
874 240
874 245
874 246
874 253
875 114
875 118
875 119
875 123
875 124
875 130
875 185
875 186
875 187
875 188
875 189
875 190
875 191
875 192
875 193
875 194
875 195
875 196
875 240
875 245
875 252
875 253
876 114
876 119
876 124
876 131
876 239
876 244
876 245
876 252
877 115
877 119
877 120
877 124
877 125
877 131
877 238
877 244
877 251
877 252
878 115
878 120
878 125
878 132
878 238
878 243
878 251
879 116
879 120
879 126
879 132
879 237
879 242
879 243
879 250
879 251
880 116
880 121
880 126
880 133
880 236
880 242
880 250
881 116
881 117
881 121
881 127
881 134
881 236
881 241
881 242
881 249
882 117
882 122
882 127
882 134
882 235
882 240
882 241
882 249
883 117
883 118
883 122
883 128
883 135
883 234
883 240
883 248
884 118
884 123
884 128
884 129
884 135
884 234
884 239
884 240
884 247
884 248
885 118
885 119
885 123
885 124
885 129
885 136
885 233
885 239
885 247
886 119
886 124
886 129
886 130
886 137
886 232
886 238
886 246
886 247
887 119
887 120
887 124
887 125
887 130
887 137
887 232
887 237
887 238
887 246
888 120
888 125
888 131
888 138
888 231
888 236
888 237
888 241
888 245
889 120
889 121
889 125
889 126
889 131
889 132
889 139
889 230
889 236
889 240
889 244
889 245
890 121
890 126
890 132
890 139
890 140
890 229
890 235
890 236
890 240
890 244
891 122
891 126
891 127
891 132
891 133
891 140
891 141
891 229
891 234
891 235
891 239
891 243
891 244
892 122
892 127
892 133
892 141
892 228
892 234
892 238
892 243
893 123
893 128
893 134
893 142
893 227
893 233
893 234
893 238
893 242
894 123
894 124
894 128
894 129
894 134
894 135
894 142
894 143
894 226
894 232
894 233
894 237
894 241
894 242
895 124
895 129
895 135
895 136
895 143
895 144
895 225
895 231
895 232
895 236
895 241
896 124
896 125
896 129
896 130
896 136
896 144
896 145
896 224
896 231
896 235
896 240
897 125
897 130
897 136
897 137
897 145
897 146
897 224
897 230
897 231
897 235
897 239
897 240
898 125
898 126
898 131
898 137
898 138
898 146
898 147
898 223
898 229
898 230
898 234
898 239
899 126
899 127
899 131
899 132
899 138
899 147
899 148
899 222
899 228
899 229
899 233
899 234
899 238
900 127
900 132
900 139
900 148
900 149
900 221
900 228
900 233
900 237
900 238
901 127
901 128
901 133
901 139
901 140
901 149
901 150
901 220
901 227
901 232
901 237
902 128
902 133
902 134
902 140
902 141
902 150
902 151
902 219
902 226
902 227
902 231
902 232
902 236
903 129
903 134
903 141
903 142
903 151
903 152
903 218
903 225
903 226
903 230
903 231
903 235
903 236
904 129
904 130
904 135
904 142
904 143
904 152
904 153
904 217
904 224
904 225
904 229
904 230
904 234
904 235
905 130
905 135
905 136
905 143
905 153
905 154
905 215
905 216
905 223
905 224
905 229
905 234
906 131
906 136
906 137
906 143
906 144
906 154
906 155
906 214
906 222
906 223
906 228
906 229
906 233
906 234
907 131
907 132
907 137
907 144
907 145
907 155
907 156
907 213
907 221
907 222
907 227
907 228
907 232
907 233
908 132
908 133
908 138
908 145
908 146
908 157
908 158
908 211
908 212
908 220
908 221
908 226
908 227
908 231
908 232
909 133
909 138
909 139
909 146
909 147
909 158
909 159
909 210
909 219
909 220
909 225
909 226
909 231
910 133
910 134
910 139
910 140
910 147
910 148
910 160
910 161
910 208
910 209
910 218
910 219
910 224
910 225
910 230
911 134
911 135
911 140
911 141
911 148
911 149
911 161
911 162
911 206
911 207
911 217
911 218
911 224
911 229
911 230
912 135
912 136
912 141
912 142
912 149
912 150
912 163
912 164
912 204
912 205
912 216
912 217
912 223
912 228
912 229
913 136
913 142
913 150
913 151
913 165
913 166
913 203
913 215
913 216
913 222
913 223
913 227
913 228
914 136
914 137
914 142
914 143
914 151
914 152
914 153
914 167
914 168
914 200
914 201
914 202
914 214
914 215
914 221
914 222
914 226
914 227
915 137
915 138
915 143
915 144
915 153
915 154
915 169
915 170
915 171
915 197
915 198
915 199
915 212
915 213
915 220
915 221
915 226
916 138
916 139
916 144
916 145
916 154
916 155
916 171
916 172
916 173
916 174
916 175
916 194
916 195
916 196
916 211
916 212
916 219
916 220
916 225
917 139
917 140
917 145
917 146
917 155
917 156
917 175
917 176
917 177
917 178
917 179
917 180
917 181
917 182
917 183
917 184
917 185
917 186
917 187
917 188
917 189
917 190
917 191
917 192
917 193
917 209
917 210
917 211
917 218
917 219
917 224
917 225
918 140
918 141
918 146
918 147
918 157
918 158
918 208
918 209
918 217
918 218
918 223
918 224
919 141
919 142
919 147
919 148
919 158
919 159
919 206
919 207
919 215
919 216
919 217
919 222
919 223
920 142
920 143
920 148
920 149
920 160
920 161
920 204
920 205
920 206
920 214
920 215
920 221
920 222
921 143
921 144
921 149
921 150
921 162
921 163
921 202
921 203
921 204
921 213
921 214
921 220
921 221
922 144
922 145
922 150
922 151
922 163
922 164
922 165
922 200
922 201
922 202
922 212
922 213
922 219
922 220
923 145
923 146
923 152
923 153
923 166
923 167
923 168
923 197
923 198
923 199
923 200
923 211
923 212
923 218
923 219
924 146
924 147
924 153
924 154
924 168
924 169
924 170
924 194
924 195
924 196
924 197
924 209
924 210
924 216
924 217
924 218
925 147
925 148
925 154
925 155
925 171
925 172
925 173
925 174
925 175
925 190
925 191
925 192
925 193
925 194
925 208
925 209
925 215
925 216
926 148
926 149
926 156
926 157
926 175
926 176
926 177
926 178
926 179
926 180
926 181
926 182
926 183
926 184
926 185
926 186
926 187
926 188
926 189
926 206
926 207
926 214
926 215
927 149
927 150
927 157
927 158
927 204
927 205
927 206
927 213
927 214
928 150
928 151
928 159
928 160
928 203
928 204
928 211
928 212
928 213
929 152
929 153
929 160
929 161
929 162
929 201
929 202
929 210
929 211
930 153
930 154
930 162
930 163
930 164
930 198
930 199
930 200
930 208
930 209
930 210
931 154
931 155
931 156
931 164
931 165
931 166
931 196
931 197
931 198
931 207
931 208
932 156
932 157
932 167
932 168
932 169
932 193
932 194
932 195
932 205
932 206
933 158
933 159
933 169
933 170
933 171
933 172
933 173
933 189
933 190
933 191
933 192
933 203
933 204
934 160
934 161
934 173
934 174
934 175
934 176
934 177
934 178
934 179
934 180
934 181
934 182
934 183
934 184
934 185
934 186
934 187
934 188
934 201
934 202
935 162
935 163
935 198
935 199
935 200
936 164
936 165
936 166
936 196
936 197
936 198
937 166
937 167
937 168
937 169
937 192
937 193
937 194
937 195
938 170
938 171
938 172
938 173
938 174
938 187
938 188
938 189
938 190
938 191
938 192
939 175
939 176
939 177
939 178
939 179
939 180
939 181
939 182
939 183
939 184
939 185
939 186
939 187
