1000 683
219 558 (18, 17, 15)
219 559 (18, 17, 15)
219 560 (18, 17, 15)
220 561 (21, 20, 17)
220 562 (20, 18, 16)
220 563 (18, 17, 15)
221 564 (22, 21, 18)
221 565 (21, 20, 17)
221 566 (20, 18, 16)
222 567 (23, 22, 20)
222 568 (23, 22, 20)
222 569 (22, 21, 18)
223 570 (23, 22, 20)
224 571 (26, 25, 23)
224 572 (24, 23, 21)
225 573 (26, 25, 23)
226 574 (28, 27, 25)
226 581 (21, 20, 17)
226 582 (21, 20, 17)
226 583 (20, 18, 16)
226 584 (18, 17, 15)
226 585 (18, 17, 15)
226 586 (17, 16, 14)
227 575 (31, 30, 28)
227 576 (30, 29, 25)
227 577 (29, 28, 24)
227 578 (28, 27, 25)
227 579 (27, 26, 24)
227 580 (26, 25, 23)
227 587 (20, 18, 16)
227 588 (18, 17, 15)
227 589 (17, 16, 14)
228 590 (18, 18, 16)
228 591 (16, 16, 14)
229 592 (18, 18, 16)
229 593 (16, 16, 14)
230 594 (20, 20, 17)
230 595 (16, 16, 14)
231 596 (18, 18, 16)
232 597 (18, 18, 16)
233 598 (20, 20, 17)
234 599 (23, 23, 21)
234 600 (20, 20, 17)
235 601 (21, 21, 18)
236 602 (22, 22, 20)
236 603 (20, 20, 17)
237 604 (20, 20, 17)
238 605 (22, 22, 20)
239 606 (23, 23, 21)
240 607 (24, 25, 20)
241 608 (24, 24, 22)
242 609 (25, 26, 21)
243 610 (27, 27, 25)
244 611 (29, 30, 25)
245 612 (28, 29, 24)
246 613 (30, 31, 26)
247 614 (32, 33, 29)
248 615 (33, 32, 29)
249 616 (32, 32, 28)
250 617 (33, 32, 29)
251 618 (32, 32, 28)
252 619 (33, 32, 29)
253 620 (33, 32, 29)
254 621 (34, 33, 30)
255 622 (33, 32, 29)
256 623 (34, 35, 31)
257 623 (38, 40, 34)
258 486 (57, 54, 47)
258 487 (59, 56, 49)
258 488 (62, 59, 52)
258 489 (61, 57, 50)
258 490 (56, 53, 46)
258 624 (38, 37, 33)
259 484 (58, 55, 48)
259 485 (68, 65, 58)
259 491 (66, 63, 56)
259 492 (58, 55, 48)
259 625 (38, 37, 33)
260 485 (74, 71, 64)
260 492 (73, 70, 63)
260 493 (64, 62, 54)
260 626 (38, 37, 33)
261 485 (79, 76, 69)
261 627 (36, 35, 32)
262 484 (69, 66, 62)
262 628 (34, 33, 30)
263 485 (62, 58, 53)
263 486 (58, 54, 51)
263 487 (55, 51, 48)
263 488 (54, 50, 47)
263 489 (59, 55, 52)
263 628 (40, 38, 34)
264 490 (45, 42, 41)
264 491 (57, 53, 50)
264 629 (38, 37, 33)
265 492 (46, 43, 40)
265 630 (34, 33, 30)
266 485 (30, 26, 23)
266 492 (30, 29, 25)
266 630 (38, 40, 34)
266 631 (33, 34, 30)
267 484 (45, 43, 37)
267 493 (37, 36, 32)
267 631 (37, 38, 33)
267 632 (31, 32, 27)
268 485 (47, 43, 38)
268 486 (36, 33, 29)
268 493 (41, 40, 35)
268 632 (36, 37, 32)
268 633 (29, 30, 25)
269 486 (53, 50, 42)
269 487 (45, 43, 33)
269 488 (40, 36, 28)
269 491 (36, 35, 31)
269 492 (44, 43, 37)
269 633 (35, 36, 32)
269 634 (27, 28, 23)
270 489 (58, 55, 46)
270 490 (54, 54, 45)
270 634 (36, 37, 32)
271 635 (33, 34, 30)
272 635 (45, 45, 41)
272 636 (32, 32, 28)
273 636 (37, 36, 32)
274 637 (32, 31, 27)
275 637 (40, 38, 34)
276 638 (31, 30, 25)
277 638 (36, 35, 31)
278 639 (30, 29, 24)
279 639 (33, 32, 28)
280 639 (41, 40, 34)
281 640 (32, 32, 28)
282 640 (37, 38, 32)
283 640 (43, 44, 37)
284 640 (47, 48, 43)
284 641 (36, 37, 32)
285 641 (44, 45, 38)
286 641 (50, 51, 45)
287 642 (45, 45, 40)
288 642 (50, 49, 45)
289 642 (58, 57, 52)
289 643 (46, 45, 41)
290 643 (53, 52, 47)
291 643 (59, 58, 53)
292 644 (54, 53, 48)
293 644 (59, 58, 53)
294 644 (65, 62, 55)
294 645 (50, 47, 41)
295 645 (56, 53, 46)
296 645 (62, 59, 52)
297 645 (68, 65, 58)
298 646 (56, 53, 46)
299 646 (62, 58, 51)
300 646 (67, 64, 57)
300 647 (53, 50, 44)
301 647 (58, 55, 48)
302 647 (63, 61, 53)
303 648 (55, 52, 45)
304 648 (63, 61, 51)
305 648 (65, 62, 53)
305 649 (54, 51, 43)
306 649 (59, 56, 49)
307 649 (64, 62, 54)
307 650 (51, 48, 42)
308 650 (56, 53, 46)
309 650 (59, 56, 49)
309 651 (50, 47, 41)
310 651 (55, 52, 45)
311 651 (61, 57, 50)
311 652 (51, 48, 44)
312 652 (55, 52, 45)
313 653 (54, 51, 45)
314 653 (62, 58, 51)
314 654 (49, 46, 40)
315 654 (53, 50, 44)
316 654 (61, 57, 48)
316 655 (48, 45, 38)
317 655 (55, 52, 44)
318 655 (62, 58, 49)
318 656 (45, 45, 37)
319 656 (50, 50, 43)
320 656 (58, 55, 48)
321 656 (63, 61, 53)
321 657 (45, 42, 34)
322 657 (50, 47, 41)
323 657 (55, 52, 45)
324 658 (46, 44, 38)
325 658 (54, 51, 46)
326 658 (63, 58, 52)
326 659 (50, 45, 40)
327 659 (53, 48, 43)
328 659 (59, 54, 48)
329 659 (61, 55, 49)
330 659 (62, 57, 51)
331 659 (65, 61, 54)
332 660 (47, 45, 40)
333 660 (48, 45, 41)
334 660 (50, 47, 43)
335 660 (51, 48, 42)
336 660 (55, 51, 43)
337 660 (61, 53, 45)
338 108 (41, 40, 35)
338 660 (62, 55, 47)
339 108 (44, 43, 38)
339 660 (63, 56, 48)
340 108 (46, 47, 43)
340 660 (64, 57, 49)
341 107 (41, 41, 38)
341 660 (66, 62, 53)
342 107 (45, 45, 44)
342 660 (69, 65, 56)
343 106 (37, 37, 35)
343 660 (72, 68, 59)
344 105 (37, 37, 37)
344 660 (77, 73, 64)
345 103 (35, 35, 35)
345 104 (40, 40, 40)
345 350 (144, 145, 140)
345 351 (145, 146, 140)
345 660 (79, 75, 66)
346 103 (40, 40, 40)
346 348 (140, 141, 136)
346 349 (145, 147, 142)
346 352 (154, 155, 147)
346 661 (51, 45, 36)
347 103 (43, 43, 43)
347 347 (145, 146, 140)
347 348 (148, 150, 145)
347 353 (156, 157, 149)
347 661 (55, 48, 41)
348 103 (45, 45, 45)
348 341 (130, 125, 119)
348 342 (134, 129, 123)
348 343 (136, 131, 125)
348 344 (139, 136, 129)
348 345 (142, 139, 132)
348 346 (146, 145, 140)
348 347 (150, 151, 145)
348 354 (141, 141, 133)
348 661 (59, 52, 45)
349 102 (32, 32, 32)
349 103 (48, 48, 48)
349 340 (131, 126, 120)
349 341 (136, 131, 125)
349 342 (140, 135, 129)
349 354 (137, 137, 129)
349 661 (63, 56, 48)
350 102 (32, 32, 32)
350 353 (147, 144, 137)
350 661 (67, 61, 52)
351 102 (33, 33, 33)
351 353 (148, 145, 138)
351 661 (70, 63, 53)
352 102 (32, 33, 35)
352 352 (154, 151, 144)
352 661 (73, 69, 58)
353 102 (32, 33, 35)
353 350 (150, 151, 146)
353 351 (149, 148, 143)
353 661 (75, 71, 61)
354 102 (32, 33, 35)
354 349 (138, 137, 132)
354 350 (137, 136, 131)
354 661 (78, 74, 63)
355 102 (32, 32, 34)
355 661 (81, 77, 66)
356 102 (31, 32, 33)
356 661 (84, 80, 69)
357 102 (30, 31, 32)
357 661 (86, 82, 70)
358 103 (46, 47, 49)
358 115 (99, 100, 95)
358 662 (55, 51, 43)
359 103 (46, 47, 49)
359 112 (95, 96, 91)
359 113 (98, 99, 94)
359 114 (101, 102, 97)
359 115 (103, 104, 99)
359 116 (103, 104, 99)
359 662 (56, 52, 42)
360 103 (42, 43, 45)
360 111 (98, 98, 96)
360 112 (104, 105, 100)
360 116 (109, 110, 105)
360 117 (107, 108, 103)
360 662 (59, 55, 45)
361 103 (42, 43, 45)
361 110 (94, 94, 92)
361 111 (102, 102, 100)
361 117 (110, 111, 106)
361 662 (61, 56, 45)
362 103 (42, 42, 44)
362 109 (85, 85, 83)
362 110 (96, 96, 94)
362 117 (112, 113, 107)
362 118 (108, 109, 103)
362 662 (62, 57, 46)
363 103 (40, 40, 42)
363 109 (86, 86, 84)
363 118 (108, 109, 103)
363 662 (62, 57, 46)
364 103 (37, 37, 40)
364 109 (87, 87, 85)
364 118 (108, 109, 103)
364 662 (62, 57, 46)
365 103 (35, 35, 37)
365 109 (88, 88, 86)
365 118 (110, 111, 105)
365 119 (108, 109, 103)
365 662 (62, 58, 47)
366 109 (91, 91, 89)
366 119 (111, 112, 106)
366 662 (62, 58, 47)
367 108 (76, 76, 74)
367 119 (113, 114, 108)
367 120 (112, 111, 106)
367 662 (63, 59, 48)
368 108 (78, 80, 79)
368 120 (118, 118, 110)
368 121 (115, 115, 107)
368 122 (112, 112, 104)
368 662 (65, 62, 50)
369 108 (76, 78, 77)
369 122 (115, 115, 107)
369 662 (64, 61, 49)
370 108 (74, 76, 75)
370 662 (64, 61, 49)
371 108 (71, 73, 72)
371 662 (63, 59, 48)
372 108 (68, 72, 71)
372 662 (62, 58, 49)
373 108 (68, 72, 71)
373 662 (62, 57, 46)
374 108 (73, 77, 78)
374 662 (59, 55, 46)
375 107 (57, 58, 61)
375 661 (94, 90, 79)
376 107 (59, 61, 62)
376 113 (101, 105, 104)
376 661 (88, 84, 73)
377 107 (62, 63, 65)
377 114 (98, 102, 101)
377 115 (98, 102, 101)
377 116 (101, 103, 100)
377 117 (102, 104, 101)
377 118 (105, 107, 104)
377 119 (108, 110, 107)
377 661 (85, 81, 70)
378 107 (65, 67, 66)
378 120 (103, 105, 102)
378 121 (107, 109, 106)
378 122 (112, 114, 109)
378 661 (82, 78, 67)
379 107 (66, 68, 67)
379 123 (117, 119, 114)
379 661 (80, 76, 65)
380 106 (44, 44, 44)
380 123 (119, 120, 115)
380 661 (80, 76, 65)
381 106 (48, 48, 48)
381 122 (108, 109, 104)
381 661 (78, 74, 63)
382 106 (55, 55, 55)
382 121 (107, 106, 101)
382 122 (119, 120, 114)
382 661 (75, 71, 61)
383 106 (62, 62, 62)
383 119 (106, 105, 100)
383 120 (115, 114, 109)
383 121 (121, 120, 115)
383 661 (72, 68, 57)
384 106 (69, 69, 71)
384 117 (113, 114, 108)
384 118 (118, 119, 113)
384 119 (123, 124, 118)
384 661 (69, 62, 52)
385 106 (75, 75, 77)
385 111 (118, 121, 114)
385 112 (115, 116, 110)
385 113 (112, 111, 106)
385 114 (110, 109, 104)
385 115 (113, 112, 107)
385 116 (117, 118, 112)
385 661 (68, 62, 50)
386 105 (62, 62, 63)
386 661 (67, 58, 49)
387 105 (67, 67, 69)
387 661 (65, 57, 46)
388 105 (70, 70, 72)
388 661 (63, 54, 45)
389 105 (74, 74, 76)
389 661 (62, 52, 44)
390 105 (77, 77, 79)
390 167 (134, 133, 129)
390 660 (108, 99, 90)
391 105 (79, 79, 81)
391 166 (129, 128, 124)
391 167 (132, 131, 127)
391 660 (107, 98, 89)
392 105 (79, 79, 81)
392 168 (129, 128, 124)
392 660 (105, 96, 87)
393 105 (78, 78, 80)
393 169 (136, 135, 131)
393 660 (103, 94, 85)
394 105 (76, 76, 78)
394 169 (137, 136, 132)
394 660 (99, 92, 82)
395 105 (72, 72, 74)
395 169 (140, 139, 135)
395 660 (96, 89, 79)
396 105 (68, 67, 72)
396 169 (141, 140, 135)
396 660 (93, 86, 76)
397 105 (64, 63, 68)
397 168 (134, 133, 128)
397 660 (90, 83, 73)
398 106 (93, 94, 96)
398 168 (136, 137, 131)
398 660 (86, 79, 69)
399 106 (88, 89, 91)
399 167 (130, 131, 125)
399 660 (83, 76, 66)
400 106 (83, 82, 87)
400 167 (135, 134, 129)
400 660 (76, 69, 62)
401 106 (77, 76, 81)
401 166 (131, 130, 125)
401 660 (75, 68, 61)
402 106 (68, 67, 72)
402 166 (135, 134, 129)
402 660 (71, 64, 56)
403 106 (59, 58, 63)
403 165 (132, 131, 126)
403 660 (66, 59, 51)
404 107 (96, 97, 101)
404 164 (130, 129, 124)
404 660 (64, 57, 49)
405 107 (88, 89, 93)
405 164 (137, 136, 131)
405 659 (111, 104, 94)
406 107 (78, 79, 83)
406 163 (136, 135, 130)
406 164 (145, 144, 139)
406 659 (112, 105, 95)
407 107 (70, 71, 75)
407 162 (133, 132, 127)
407 163 (141, 140, 135)
407 659 (112, 105, 95)
408 107 (55, 56, 61)
408 108 (100, 104, 107)
408 161 (134, 133, 128)
408 162 (141, 140, 135)
408 659 (107, 100, 90)
409 108 (90, 94, 97)
409 160 (134, 133, 128)
409 161 (142, 141, 136)
409 659 (99, 92, 82)
410 108 (78, 82, 85)
410 159 (138, 137, 132)
410 160 (142, 143, 137)
410 659 (89, 82, 72)
411 108 (66, 70, 73)
411 158 (141, 140, 135)
411 159 (146, 145, 140)
411 659 (81, 74, 64)
412 109 (102, 103, 108)
412 659 (75, 68, 58)
413 109 (92, 93, 98)
413 659 (69, 62, 52)
414 109 (78, 79, 84)
414 658 (106, 99, 89)
415 109 (64, 65, 70)
415 110 (109, 110, 115)
415 658 (101, 94, 84)
416 110 (98, 97, 103)
416 658 (94, 85, 76)
417 110 (87, 84, 91)
417 658 (88, 80, 69)
418 110 (72, 69, 76)
418 658 (83, 74, 65)
419 111 (102, 101, 106)
419 658 (76, 68, 57)
420 111 (88, 87, 92)
420 657 (114, 106, 95)
421 111 (76, 75, 80)
421 657 (107, 99, 86)
422 112 (108, 109, 113)
422 657 (101, 93, 82)
423 112 (97, 98, 103)
423 657 (94, 86, 75)
424 112 (83, 84, 89)
424 657 (83, 75, 64)
425 112 (67, 68, 73)
425 113 (114, 114, 122)
425 657 (79, 71, 61)
426 113 (101, 101, 109)
426 657 (71, 63, 52)
427 113 (87, 87, 95)
427 656 (115, 107, 94)
428 113 (72, 72, 80)
428 656 (108, 100, 87)
429 114 (108, 109, 114)
429 656 (101, 93, 80)
430 114 (92, 93, 98)
430 656 (94, 86, 73)
431 114 (74, 75, 80)
431 115 (122, 123, 125)
431 656 (89, 81, 70)
432 115 (105, 108, 113)
432 656 (80, 70, 61)
433 115 (86, 89, 94)
433 656 (76, 66, 57)
434 116 (121, 126, 130)
434 656 (70, 62, 52)
435 116 (97, 102, 106)
435 655 (107, 99, 88)
436 117 (125, 133, 136)
436 655 (101, 93, 82)
437 117 (104, 109, 113)
437 655 (94, 86, 75)
438 117 (74, 79, 83)
438 118 (130, 135, 141)
438 655 (86, 76, 66)
439 118 (105, 108, 115)
439 655 (78, 68, 58)
440 118 (75, 78, 85)
440 119 (137, 142, 148)
440 655 (73, 63, 53)
441 119 (111, 116, 122)
441 654 (107, 97, 85)
442 119 (80, 83, 88)
442 120 (141, 148, 154)
442 654 (100, 90, 78)
443 120 (114, 121, 127)
443 654 (93, 85, 72)
444 120 (81, 88, 94)
444 654 (86, 78, 65)
445 121 (117, 128, 132)
445 654 (80, 72, 59)
446 121 (83, 94, 96)
446 654 (74, 66, 53)
447 122 (122, 133, 137)
447 653 (112, 104, 91)
447 654 (67, 59, 46)
448 122 (92, 99, 105)
448 653 (105, 95, 83)
449 123 (119, 127, 130)
449 653 (99, 89, 77)
450 123 (89, 97, 100)
450 653 (90, 80, 68)
451 124 (120, 128, 131)
451 653 (82, 72, 62)
452 124 (87, 95, 98)
452 653 (75, 65, 55)
453 125 (115, 123, 126)
453 652 (111, 101, 91)
454 125 (85, 90, 96)
454 652 (102, 92, 82)
455 126 (110, 113, 122)
455 652 (96, 86, 76)
456 126 (78, 78, 88)
456 652 (84, 76, 65)
457 127 (109, 112, 119)
457 652 (79, 71, 61)
458 127 (77, 77, 85)
458 128 (130, 137, 143)
458 651 (115, 107, 96)
458 652 (71, 62, 53)
459 128 (102, 109, 115)
459 651 (106, 98, 87)
460 128 (70, 77, 83)
460 129 (121, 130, 135)
460 651 (96, 88, 77)
461 129 (97, 108, 112)
461 651 (86, 78, 67)
462 129 (68, 79, 85)
462 130 (119, 130, 134)
462 651 (76, 70, 58)
463 130 (94, 103, 108)
463 650 (115, 107, 94)
464 130 (62, 66, 75)
464 131 (117, 127, 136)
464 650 (105, 95, 85)
465 131 (85, 93, 104)
465 650 (97, 87, 77)
466 132 (105, 118, 126)
466 650 (87, 77, 68)
467 132 (68, 79, 85)
467 133 (126, 139, 145)
467 650 (77, 67, 57)
468 133 (88, 99, 103)
468 649 (112, 102, 92)
469 133 (55, 62, 68)
469 134 (115, 126, 132)
469 649 (103, 93, 83)
470 134 (78, 87, 94)
470 649 (92, 82, 72)
471 135 (101, 111, 121)
471 649 (84, 74, 64)
472 135 (67, 75, 86)
472 136 (131, 144, 153)
472 649 (71, 62, 51)
473 136 (99, 109, 119)
473 648 (109, 99, 87)
474 136 (62, 71, 80)
474 137 (125, 138, 146)
474 648 (94, 86, 75)
475 137 (88, 99, 105)
475 648 (84, 76, 65)
476 138 (116, 126, 135)
476 648 (75, 67, 56)
477 138 (81, 90, 99)
477 139 (144, 154, 164)
477 647 (113, 105, 92)
478 139 (108, 118, 130)
478 647 (100, 92, 79)
479 139 (63, 69, 81)
479 140 (126, 138, 150)
479 647 (90, 82, 69)
480 140 (84, 94, 103)
480 141 (151, 168, 176)
480 647 (77, 69, 58)
481 141 (108, 122, 131)
481 646 (119, 109, 97)
481 647 (70, 62, 51)
482 141 (63, 76, 84)
482 142 (124, 142, 152)
482 646 (109, 99, 87)
483 142 (82, 96, 105)
483 143 (148, 165, 175)
483 646 (98, 88, 76)
484 143 (100, 113, 122)
484 646 (87, 79, 66)
485 144 (121, 134, 150)
485 646 (75, 67, 56)
486 144 (74, 83, 100)
486 145 (137, 150, 167)
486 645 (113, 103, 91)
487 145 (85, 97, 113)
487 146 (153, 167, 180)
487 645 (106, 96, 84)
488 146 (95, 107, 121)
488 147 (163, 180, 190)
488 645 (95, 85, 73)
489 147 (115, 127, 139)
489 645 (87, 77, 67)
490 147 (64, 72, 83)
490 148 (125, 137, 151)
490 645 (76, 68, 57)
491 148 (74, 82, 95)
491 149 (143, 155, 169)
491 644 (115, 107, 96)
492 149 (92, 102, 112)
492 150 (166, 178, 190)
492 644 (105, 97, 86)
493 150 (112, 125, 134)
493 644 (95, 87, 76)
494 151 (119, 136, 146)
494 644 (83, 75, 64)
495 151 (66, 80, 89)
495 152 (127, 145, 157)
495 643 (122, 114, 103)
495 644 (74, 65, 56)
496 152 (78, 88, 100)
496 153 (141, 153, 169)
496 643 (110, 101, 92)
497 153 (88, 95, 111)
497 154 (153, 161, 180)
497 643 (98, 88, 79)
498 154 (97, 104, 122)
498 155 (158, 170, 186)
498 643 (84, 74, 65)
499 155 (104, 114, 126)
499 156 (167, 181, 190)
499 642 (116, 106, 94)
500 156 (117, 127, 136)
500 642 (103, 95, 84)
501 157 (125, 135, 144)
501 642 (90, 82, 69)
502 157 (76, 83, 91)
502 158 (141, 148, 158)
502 642 (78, 70, 59)
503 158 (88, 92, 103)
503 159 (146, 155, 164)
503 641 (114, 104, 92)
504 159 (93, 100, 110)
504 160 (154, 167, 175)
504 641 (99, 89, 77)
505 160 (105, 115, 124)
505 161 (161, 176, 183)
505 641 (86, 78, 65)
506 161 (116, 126, 135)
506 640 (120, 112, 99)
506 641 (73, 65, 54)
507 162 (123, 132, 141)
507 640 (105, 97, 84)
508 162 (74, 81, 89)
508 163 (137, 146, 153)
508 640 (88, 80, 69)
509 163 (87, 94, 102)
509 164 (146, 156, 165)
509 639 (123, 115, 102)
509 640 (73, 65, 54)
510 164 (96, 106, 115)
510 165 (147, 160, 168)
510 639 (103, 95, 82)
511 165 (107, 118, 124)
511 166 (166, 179, 185)
511 639 (89, 81, 68)
512 166 (117, 124, 134)
512 638 (122, 110, 96)
512 639 (72, 62, 52)
513 166 (76, 80, 91)
513 167 (126, 133, 143)
513 638 (106, 94, 80)
514 167 (82, 86, 95)
514 168 (140, 149, 156)
514 638 (88, 76, 62)
515 168 (94, 101, 109)
515 169 (149, 158, 163)
515 637 (117, 107, 95)
516 169 (106, 111, 117)
516 170 (160, 170, 172)
516 637 (100, 90, 78)
517 170 (118, 126, 129)
517 637 (84, 74, 62)
518 171 (129, 134, 138)
518 636 (114, 104, 94)
519 171 (86, 89, 94)
519 172 (143, 148, 154)
519 636 (97, 87, 77)
520 172 (90, 95, 101)
520 173 (146, 153, 159)
520 635 (128, 118, 106)
520 636 (77, 67, 57)
521 173 (92, 97, 103)
521 174 (142, 149, 157)
521 635 (108, 98, 86)
522 174 (99, 104, 110)
522 175 (152, 159, 165)
522 635 (86, 76, 64)
523 175 (107, 112, 116)
523 176 (160, 168, 171)
523 634 (117, 108, 93)
524 176 (117, 122, 128)
524 634 (98, 89, 74)
525 177 (123, 130, 138)
525 633 (127, 118, 103)
525 634 (79, 70, 55)
526 177 (76, 83, 93)
526 178 (126, 133, 139)
526 633 (106, 97, 82)
527 178 (85, 90, 96)
527 179 (141, 146, 150)
527 633 (87, 77, 65)
528 179 (90, 95, 99)
528 180 (147, 152, 158)
528 632 (115, 105, 93)
529 180 (101, 106, 112)
529 181 (151, 156, 162)
529 632 (97, 87, 77)
530 181 (109, 114, 118)
530 182 (155, 163, 166)
530 631 (129, 121, 108)
530 632 (76, 66, 56)
531 182 (115, 120, 123)
531 631 (106, 98, 85)
532 182 (72, 76, 79)
532 183 (120, 125, 128)
532 631 (85, 77, 66)
533 183 (76, 80, 83)
533 184 (125, 130, 134)
533 630 (121, 113, 100)
534 184 (85, 88, 95)
534 185 (134, 137, 144)
534 630 (94, 88, 76)
535 185 (89, 92, 101)
535 186 (138, 142, 151)
535 629 (126, 120, 106)
535 630 (73, 67, 55)
536 186 (93, 96, 105)
536 187 (145, 148, 155)
536 629 (103, 95, 82)
537 187 (96, 99, 106)
537 188 (145, 150, 153)
537 629 (82, 74, 63)
538 188 (100, 104, 107)
538 189 (151, 155, 156)
538 628 (108, 100, 89)
539 189 (106, 110, 113)
539 190 (153, 157, 158)
539 628 (87, 79, 68)
540 190 (111, 112, 117)
540 191 (154, 158, 161)
540 627 (114, 106, 93)
541 191 (111, 111, 119)
541 627 (94, 86, 73)
542 191 (67, 67, 77)
542 192 (117, 122, 126)
542 626 (123, 115, 102)
542 627 (74, 66, 53)
543 192 (73, 76, 81)
543 193 (131, 136, 139)
543 626 (102, 94, 81)
544 193 (85, 86, 91)
544 194 (137, 138, 143)
544 625 (130, 118, 104)
544 626 (82, 72, 61)
545 194 (90, 91, 96)
545 195 (139, 140, 144)
545 625 (113, 101, 87)
546 195 (90, 91, 95)
546 196 (138, 142, 145)
546 625 (90, 78, 66)
547 196 (94, 95, 99)
547 197 (144, 148, 151)
547 624 (116, 106, 94)
548 197 (100, 101, 105)
548 198 (144, 148, 151)
548 624 (94, 84, 72)
549 198 (98, 102, 105)
549 199 (153, 157, 160)
549 623 (122, 114, 101)
550 199 (106, 107, 112)
550 200 (153, 156, 161)
550 623 (95, 87, 74)
551 200 (112, 115, 120)
551 201 (155, 159, 162)
551 622 (128, 119, 104)
551 623 (72, 64, 51)
552 201 (115, 116, 121)
552 622 (99, 90, 75)
553 202 (118, 122, 125)
553 621 (127, 118, 103)
553 622 (78, 69, 54)
554 202 (71, 72, 76)
554 203 (123, 124, 128)
554 621 (104, 94, 82)
555 203 (77, 78, 82)
555 204 (126, 127, 129)
555 620 (130, 120, 108)
555 621 (81, 71, 59)
556 204 (83, 82, 87)
556 205 (133, 134, 138)
556 620 (104, 96, 85)
557 205 (86, 85, 90)
557 206 (136, 137, 142)
557 619 (131, 123, 112)
557 620 (81, 73, 62)
558 206 (93, 92, 98)
558 207 (144, 145, 150)
558 619 (105, 97, 86)
559 207 (97, 98, 102)
559 208 (150, 154, 155)
559 618 (134, 126, 113)
559 619 (82, 74, 63)
560 208 (105, 106, 110)
560 209 (150, 154, 157)
560 618 (109, 100, 85)
561 209 (105, 108, 113)
561 210 (155, 159, 162)
561 618 (90, 81, 66)
562 210 (107, 108, 112)
562 211 (153, 154, 156)
562 617 (118, 109, 92)
563 211 (110, 111, 115)
563 212 (161, 162, 164)
563 617 (92, 83, 68)
564 212 (124, 125, 127)
564 616 (119, 110, 95)
565 212 (77, 77, 79)
565 213 (130, 131, 133)
565 616 (96, 84, 70)
566 213 (87, 88, 92)
566 214 (143, 144, 148)
566 615 (119, 107, 95)
567 214 (98, 99, 103)
567 215 (148, 152, 155)
567 615 (93, 80, 71)
568 215 (103, 104, 109)
568 216 (154, 158, 161)
568 614 (120, 106, 95)
569 216 (114, 118, 121)
569 614 (95, 81, 70)
570 216 (71, 72, 76)
570 217 (129, 130, 132)
570 613 (118, 106, 94)
571 217 (85, 86, 88)
571 218 (135, 136, 138)
571 613 (95, 83, 71)
572 218 (95, 95, 97)
572 219 (148, 148, 148)
572 612 (118, 104, 91)
573 219 (105, 105, 107)
573 220 (155, 156, 158)
573 611 (144, 132, 118)
573 612 (92, 78, 65)
574 220 (114, 115, 117)
574 611 (114, 102, 88)
575 220 (76, 76, 78)
575 221 (128, 129, 133)
575 610 (137, 125, 111)
575 611 (85, 73, 59)
576 221 (82, 82, 84)
576 222 (137, 136, 141)
576 610 (110, 96, 83)
577 222 (100, 98, 103)
577 223 (147, 146, 151)
577 609 (134, 118, 103)
577 610 (83, 71, 57)
578 223 (107, 106, 111)
578 224 (158, 159, 161)
578 609 (106, 90, 77)
579 224 (120, 121, 125)
579 608 (126, 112, 99)
580 224 (75, 76, 80)
580 225 (131, 132, 136)
580 607 (145, 133, 119)
580 608 (93, 81, 69)
581 225 (89, 90, 95)
581 226 (137, 138, 142)
581 607 (118, 104, 91)
582 226 (95, 94, 100)
582 227 (142, 143, 147)
582 606 (137, 121, 108)
582 607 (86, 72, 62)
583 227 (110, 111, 116)
583 606 (111, 95, 82)
584 228 (120, 121, 125)
584 605 (125, 111, 98)
585 228 (82, 83, 87)
585 229 (133, 137, 140)
585 604 (144, 130, 117)
585 605 (96, 82, 71)
586 229 (95, 96, 100)
586 230 (144, 148, 151)
586 604 (112, 100, 88)
587 230 (105, 109, 112)
587 231 (153, 157, 160)
587 603 (134, 122, 110)
587 604 (84, 71, 62)
588 231 (117, 118, 123)
588 603 (99, 87, 75)
589 231 (76, 77, 82)
589 232 (129, 133, 136)
589 602 (119, 107, 95)
590 232 (88, 89, 94)
590 233 (135, 136, 140)
590 601 (133, 119, 106)
590 602 (84, 72, 61)
591 233 (101, 102, 106)
591 234 (151, 152, 154)
591 600 (156, 140, 127)
591 601 (101, 87, 76)
592 234 (114, 115, 117)
592 600 (118, 104, 91)
593 234 (76, 77, 79)
593 235 (137, 138, 140)
593 599 (135, 122, 105)
593 600 (83, 71, 57)
594 235 (96, 97, 99)
594 236 (156, 160, 161)
594 598 (147, 134, 117)
594 599 (99, 86, 70)
595 236 (118, 122, 123)
595 598 (114, 101, 84)
596 236 (75, 76, 78)
596 237 (128, 129, 131)
596 597 (127, 114, 98)
597 237 (90, 91, 93)
597 238 (141, 142, 144)
597 596 (146, 133, 117)
597 597 (92, 78, 65)
598 238 (104, 102, 105)
598 239 (155, 155, 157)
598 595 (154, 138, 123)
598 596 (106, 92, 79)
599 239 (118, 118, 120)
599 595 (123, 110, 94)
600 240 (128, 127, 132)
600 594 (133, 120, 103)
600 595 (81, 67, 54)
601 240 (88, 87, 92)
601 241 (138, 139, 144)
601 593 (146, 133, 114)
601 594 (99, 86, 70)
602 241 (100, 99, 105)
602 242 (155, 156, 160)
602 592 (161, 148, 131)
602 593 (109, 96, 80)
603 242 (112, 111, 116)
603 243 (163, 164, 168)
603 592 (119, 107, 91)
604 243 (117, 116, 121)
604 591 (125, 113, 97)
604 592 (77, 65, 51)
605 243 (74, 73, 78)
605 244 (126, 127, 129)
605 590 (139, 126, 109)
605 591 (87, 74, 58)
606 244 (87, 86, 91)
606 245 (138, 139, 143)
606 589 (154, 138, 122)
606 590 (104, 89, 70)
607 245 (98, 99, 103)
607 246 (148, 152, 155)
607 589 (116, 100, 85)
608 246 (104, 105, 110)
608 247 (157, 160, 165)
608 588 (131, 115, 100)
608 589 (81, 64, 54)
609 247 (118, 119, 124)
609 587 (147, 132, 111)
609 588 (96, 80, 65)
610 247 (75, 74, 79)
610 248 (129, 130, 134)
610 587 (108, 92, 76)
611 248 (84, 83, 88)
611 249 (137, 138, 140)
611 586 (126, 110, 94)
612 249 (93, 93, 95)
612 250 (145, 145, 145)
612 585 (141, 125, 110)
612 586 (88, 72, 59)
613 250 (100, 98, 99)
613 251 (152, 152, 152)
613 584 (155, 139, 124)
613 585 (107, 89, 77)
614 251 (106, 106, 106)
614 252 (152, 153, 155)
614 584 (116, 98, 86)
615 252 (116, 116, 118)
615 253 (158, 159, 161)
615 583 (133, 117, 101)
615 584 (84, 66, 56)
616 253 (119, 118, 123)
616 254 (165, 166, 171)
616 582 (144, 128, 112)
616 583 (93, 75, 62)
617 254 (121, 122, 126)
617 581 (156, 143, 126)
617 582 (103, 87, 71)
618 254 (71, 70, 75)
618 255 (124, 123, 128)
618 581 (117, 104, 88)
619 255 (72, 72, 74)
619 256 (129, 129, 131)
619 580 (125, 113, 99)
619 581 (77, 63, 50)
620 256 (77, 77, 79)
620 257 (123, 123, 125)
620 579 (139, 127, 113)
620 580 (86, 72, 62)
621 257 (76, 75, 80)
621 258 (126, 125, 130)
621 578 (147, 134, 118)
621 579 (95, 81, 70)
622 258 (79, 78, 84)
622 259 (123, 122, 127)
622 577 (156, 143, 124)
622 578 (107, 91, 76)
623 259 (72, 71, 76)
623 260 (122, 122, 124)
623 261 (164, 165, 167)
623 577 (114, 101, 84)
624 261 (114, 112, 117)
624 262 (163, 161, 164)
624 576 (124, 112, 98)
624 577 (75, 63, 51)
625 262 (112, 110, 115)
625 263 (156, 154, 159)
625 575 (148, 135, 118)
625 576 (86, 74, 62)
626 263 (104, 102, 105)
626 264 (152, 152, 154)
626 574 (152, 139, 122)
626 575 (102, 89, 73)
627 264 (98, 98, 100)
627 265 (137, 137, 137)
627 573 (152, 140, 128)
627 574 (106, 92, 79)
628 265 (86, 84, 85)
628 266 (134, 134, 132)
628 572 (155, 142, 133)
628 573 (110, 96, 87)
629 267 (119, 119, 117)
629 268 (163, 163, 161)
629 571 (157, 145, 133)
629 572 (114, 97, 89)
630 268 (109, 107, 108)
630 269 (151, 149, 150)
630 570 (149, 140, 125)
630 571 (114, 100, 87)
631 269 (89, 87, 90)
631 270 (136, 134, 137)
631 569 (153, 145, 132)
631 570 (111, 97, 84)
632 271 (119, 118, 123)
632 272 (163, 164, 168)
632 568 (156, 143, 134)
632 569 (109, 95, 84)
633 272 (97, 98, 103)
633 273 (139, 142, 147)
633 567 (154, 141, 133)
633 568 (108, 91, 83)
634 273 (80, 79, 85)
634 274 (121, 120, 125)
634 275 (158, 158, 160)
634 566 (147, 136, 130)
634 567 (109, 91, 87)
635 275 (99, 98, 103)
635 276 (143, 143, 145)
635 565 (143, 139, 130)
635 566 (104, 91, 85)
636 276 (78, 76, 79)
636 277 (121, 119, 122)
636 278 (163, 161, 162)
636 564 (141, 137, 126)
636 565 (98, 89, 80)
637 278 (104, 102, 105)
637 279 (139, 137, 140)
637 563 (139, 133, 121)
637 564 (96, 88, 77)
638 280 (117, 116, 121)
638 281 (145, 145, 147)
638 562 (133, 124, 115)
638 563 (95, 82, 73)
639 281 (86, 86, 88)
639 282 (125, 125, 127)
639 283 (153, 153, 153)
639 561 (126, 122, 113)
639 562 (87, 77, 68)
640 283 (93, 89, 88)
640 284 (133, 129, 128)
640 285 (165, 161, 160)
640 560 (122, 115, 107)
640 561 (82, 73, 66)
641 285 (99, 95, 94)
641 286 (137, 133, 132)
641 559 (125, 119, 105)
641 560 (82, 73, 64)
642 287 (104, 100, 97)
642 288 (143, 140, 135)
642 558 (128, 126, 113)
642 559 (88, 82, 70)
643 289 (109, 106, 101)
643 290 (146, 143, 138)
643 557 (135, 135, 125)
643 558 (92, 90, 78)
644 291 (114, 110, 107)
644 292 (148, 143, 139)
644 557 (100, 97, 88)
645 293 (114, 109, 105)
645 294 (147, 142, 138)
645 556 (104, 101, 92)
646 295 (94, 89, 85)
646 296 (132, 124, 121)
646 297 (154, 147, 141)
646 555 (110, 103, 93)
646 556 (68, 62, 53)
647 297 (95, 87, 84)
647 298 (127, 119, 116)
647 299 (152, 145, 139)
647 554 (118, 110, 99)
647 555 (71, 62, 53)
648 299 (90, 82, 79)
648 300 (119, 111, 108)
648 301 (145, 137, 134)
648 553 (121, 114, 104)
648 554 (80, 72, 62)
649 301 (86, 78, 76)
649 302 (115, 107, 105)
649 303 (139, 131, 128)
649 552 (126, 122, 113)
649 553 (88, 79, 70)
650 304 (106, 98, 95)
650 305 (133, 126, 120)
650 551 (132, 129, 122)
650 552 (90, 83, 75)
651 306 (100, 92, 89)
651 307 (126, 119, 113)
651 308 (152, 145, 139)
651 550 (137, 134, 127)
651 551 (97, 93, 84)
652 308 (92, 84, 81)
652 309 (117, 109, 106)
652 310 (141, 134, 128)
652 550 (104, 97, 87)
653 310 (82, 74, 71)
653 311 (107, 100, 94)
653 312 (137, 128, 123)
653 549 (114, 108, 96)
654 313 (95, 88, 82)
654 314 (123, 116, 110)
654 315 (146, 139, 131)
654 548 (114, 110, 98)
654 549 (76, 68, 55)
655 315 (82, 74, 71)
655 316 (110, 103, 97)
655 317 (137, 130, 124)
655 547 (120, 120, 110)
655 548 (75, 71, 61)
656 318 (99, 89, 88)
656 319 (123, 113, 111)
656 320 (151, 140, 134)
656 546 (120, 116, 105)
656 547 (79, 72, 64)
657 320 (90, 81, 76)
657 321 (119, 108, 102)
657 322 (145, 134, 128)
657 545 (128, 118, 108)
657 546 (85, 76, 67)
658 323 (104, 93, 89)
658 324 (131, 120, 116)
658 325 (153, 142, 136)
658 544 (127, 118, 109)
658 545 (85, 75, 66)
659 325 (94, 83, 79)
659 326 (120, 109, 103)
659 327 (143, 133, 124)
659 543 (126, 119, 111)
659 544 (83, 74, 67)
660 328 (103, 94, 89)
660 329 (126, 115, 109)
660 330 (151, 140, 134)
660 542 (117, 113, 104)
660 543 (83, 74, 67)
661 330 (85, 76, 71)
661 331 (110, 99, 93)
661 332 (135, 124, 118)
661 541 (116, 112, 103)
661 542 (79, 72, 62)
662 333 (94, 83, 79)
662 334 (121, 110, 106)
662 335 (145, 132, 126)
662 540 (115, 108, 100)
662 541 (80, 71, 62)
663 336 (99, 88, 82)
663 337 (122, 109, 101)
663 338 (148, 135, 127)
663 539 (117, 108, 101)
663 540 (77, 67, 58)
664 339 (102, 91, 85)
664 340 (127, 116, 110)
664 341 (149, 136, 128)
664 538 (109, 100, 93)
664 539 (75, 64, 58)
665 342 (105, 94, 88)
665 343 (124, 114, 105)
665 344 (149, 139, 130)
665 537 (107, 102, 96)
665 538 (71, 64, 56)
666 345 (103, 93, 84)
666 346 (126, 116, 107)
666 347 (149, 136, 128)
666 536 (103, 96, 90)
666 537 (69, 62, 56)
667 348 (104, 93, 87)
667 349 (124, 113, 107)
667 350 (144, 133, 127)
667 535 (103, 94, 87)
667 536 (65, 56, 51)
668 351 (100, 89, 85)
668 352 (123, 112, 106)
668 353 (140, 130, 121)
668 533 (129, 125, 116)
668 534 (94, 85, 78)
669 354 (99, 85, 82)
669 355 (119, 106, 100)
669 356 (139, 126, 120)
669 357 (155, 142, 134)
669 532 (128, 124, 115)
669 533 (91, 84, 76)
670 357 (92, 78, 75)
670 358 (115, 100, 97)
670 359 (134, 119, 114)
670 360 (153, 138, 131)
670 531 (126, 117, 108)
670 532 (96, 86, 77)
671 361 (102, 89, 83)
671 362 (128, 113, 106)
671 363 (148, 133, 126)
671 530 (122, 113, 104)
671 531 (93, 83, 74)
672 364 (104, 90, 87)
672 365 (124, 110, 107)
672 366 (146, 131, 126)
672 367 (162, 147, 140)
672 528 (136, 127, 120)
672 529 (108, 97, 91)
672 530 (75, 64, 58)
673 367 (95, 81, 78)
673 368 (118, 103, 98)
673 369 (134, 119, 112)
673 370 (148, 133, 126)
673 527 (122, 115, 107)
673 528 (86, 75, 69)
674 371 (97, 84, 78)
674 372 (114, 101, 95)
674 373 (130, 117, 109)
674 374 (147, 134, 126)
674 525 (130, 119, 113)
674 526 (101, 90, 84)
675 375 (100, 87, 79)
675 376 (124, 111, 103)
675 377 (138, 125, 117)
675 378 (154, 141, 132)
675 523 (132, 122, 113)
675 524 (111, 98, 92)
676 379 (105, 90, 85)
676 380 (123, 106, 99)
676 381 (139, 122, 115)
676 382 (156, 139, 132)
676 383 (169, 152, 145)
676 520 (142, 132, 123)
676 521 (129, 116, 108)
676 522 (109, 96, 88)
677 383 (103, 85, 81)
677 384 (122, 105, 98)
677 385 (133, 116, 108)
677 386 (147, 130, 122)
677 387 (157, 143, 134)
677 517 (149, 137, 125)
677 518 (128, 118, 108)
677 519 (115, 105, 95)
678 388 (108, 93, 86)
678 389 (120, 107, 99)
678 390 (134, 121, 113)
678 391 (144, 131, 123)
678 392 (159, 146, 138)
678 393 (168, 155, 146)
678 514 (168, 150, 138)
678 515 (146, 129, 119)
678 516 (126, 109, 99)
679 393 (101, 88, 82)
679 394 (117, 104, 98)
679 395 (130, 117, 109)
679 396 (143, 130, 122)
679 397 (154, 141, 133)
679 398 (163, 153, 144)
679 512 (170, 152, 140)
679 513 (148, 128, 119)
679 514 (118, 98, 89)
680 399 (107, 94, 88)
680 400 (123, 110, 102)
680 401 (134, 121, 113)
680 402 (148, 135, 127)
680 403 (160, 147, 139)
680 404 (170, 157, 149)
680 510 (176, 149, 138)
680 511 (148, 121, 112)
681 405 (114, 101, 93)
681 406 (130, 117, 109)
681 407 (143, 130, 122)
681 408 (153, 140, 132)
681 409 (163, 150, 141)
681 410 (175, 162, 153)
681 507 (187, 168, 154)
681 508 (164, 140, 128)
681 509 (137, 110, 99)
682 410 (107, 94, 88)
682 411 (119, 106, 100)
682 412 (132, 119, 113)
682 413 (144, 131, 123)
682 414 (157, 144, 136)
682 415 (168, 155, 147)
682 416 (183, 168, 161)
682 504 (201, 179, 165)
682 505 (172, 150, 137)
682 506 (139, 117, 104)
682 507 (114, 92, 81)
683 416 (112, 97, 92)
683 417 (123, 108, 103)
683 418 (137, 122, 117)
683 419 (150, 135, 128)
683 420 (163, 148, 141)
683 421 (174, 161, 152)
683 501 (196, 177, 163)
683 502 (171, 149, 136)
683 503 (149, 125, 113)
683 504 (117, 93, 83)
684 422 (115, 102, 96)
684 423 (126, 113, 105)
684 424 (143, 130, 122)
684 425 (153, 143, 134)
684 426 (168, 157, 151)
684 427 (180, 169, 163)
684 497 (192, 174, 162)
684 498 (175, 157, 145)
684 499 (153, 135, 123)
684 500 (132, 112, 101)
684 501 (110, 90, 79)
685 428 (119, 104, 99)
685 429 (131, 116, 111)
685 430 (145, 130, 127)
685 431 (157, 142, 137)
685 432 (172, 159, 151)
685 433 (180, 167, 159)
685 434 (189, 176, 168)
685 490 (193, 174, 160)
685 491 (185, 166, 152)
685 492 (176, 157, 143)
685 493 (164, 145, 131)
685 494 (148, 129, 115)
685 495 (135, 116, 102)
685 496 (120, 100, 89)
686 434 (119, 98, 93)
686 435 (131, 110, 105)
686 436 (142, 123, 117)
686 437 (154, 135, 129)
686 438 (166, 147, 141)
686 439 (174, 155, 149)
686 440 (187, 168, 162)
686 441 (195, 176, 170)
686 442 (202, 185, 178)
686 481 (207, 181, 168)
686 482 (200, 173, 162)
686 483 (193, 166, 155)
686 484 (184, 157, 146)
686 485 (177, 150, 139)
686 486 (169, 142, 131)
686 487 (161, 137, 125)
686 488 (147, 123, 111)
686 489 (135, 111, 99)
686 490 (119, 95, 85)
687 442 (106, 87, 81)
687 443 (115, 96, 90)
687 444 (125, 106, 100)
687 445 (133, 114, 107)
687 446 (142, 123, 116)
687 447 (150, 131, 125)
687 448 (161, 142, 136)
687 449 (165, 146, 140)
687 450 (172, 153, 147)
687 451 (179, 160, 154)
687 452 (185, 168, 161)
687 453 (194, 177, 170)
687 472 (187, 167, 156)
687 473 (181, 159, 148)
687 474 (170, 148, 137)
687 475 (159, 137, 126)
687 476 (150, 128, 115)
687 477 (142, 118, 106)
687 478 (134, 110, 98)
687 479 (128, 104, 92)
687 480 (119, 95, 83)
688 453 (111, 93, 89)
688 454 (119, 101, 97)
688 455 (125, 107, 103)
688 456 (133, 116, 109)
688 457 (137, 120, 113)
688 458 (141, 124, 117)
688 459 (142, 125, 118)
688 460 (141, 122, 116)
688 461 (140, 121, 115)
688 462 (141, 122, 116)
688 463 (143, 124, 118)
688 464 (145, 125, 118)
688 465 (148, 125, 119)
688 466 (146, 123, 117)
688 467 (142, 119, 113)
688 468 (138, 115, 109)
688 469 (134, 111, 105)
688 470 (127, 104, 98)
688 471 (121, 98, 92)
