974 1000
328 618 (141, 98, 96)
329 617 (146, 105, 108)
330 617 (146, 102, 106)
331 617 (143, 99, 102)
332 616 (151, 108, 119)
333 616 (152, 109, 120)
334 615 (146, 107, 126)
335 615 (144, 104, 126)
336 615 (146, 102, 128)
337 615 (149, 109, 136)
337 616 (152, 110, 127)
338 616 (154, 117, 133)
338 617 (144, 100, 112)
339 617 (144, 103, 116)
340 617 (140, 104, 116)
341 618 (136, 90, 107)
342 618 (138, 93, 112)
343 618 (141, 96, 115)
344 618 (139, 93, 111)
345 618 (140, 94, 112)
346 618 (145, 92, 112)
347 619 (152, 93, 109)
348 619 (155, 92, 109)
349 619 (153, 91, 110)
350 619 (153, 91, 110)
351 619 (150, 90, 112)
352 619 (146, 88, 108)
353 619 (142, 87, 104)
354 619 (142, 87, 104)
355 619 (140, 89, 103)
356 619 (146, 95, 107)
357 619 (149, 100, 111)
358 620 (147, 97, 106)
359 620 (150, 101, 112)
360 620 (155, 111, 122)
361 620 (154, 113, 126)
362 621 (124, 82, 96)
363 621 (126, 88, 103)
364 621 (130, 92, 108)
365 621 (130, 91, 111)
365 622 (127, 84, 102)
366 622 (131, 89, 106)
367 622 (138, 99, 114)
367 623 (142, 99, 108)
368 623 (142, 102, 104)
369 623 (144, 105, 104)
369 624 (139, 93, 91)
370 624 (145, 99, 97)
371 624 (150, 108, 104)
371 625 (133, 85, 81)
372 625 (134, 87, 80)
373 625 (136, 90, 79)
373 626 (140, 91, 78)
374 626 (147, 98, 80)
374 627 (150, 97, 78)
375 627 (155, 103, 80)
376 627 (157, 103, 76)
377 627 (160, 103, 76)
378 627 (163, 101, 75)
379 542 (146, 92, 63)
379 627 (167, 100, 75)
380 542 (150, 91, 63)
380 627 (170, 96, 77)
381 540 (152, 92, 71)
381 541 (146, 85, 62)
381 626 (162, 88, 71)
381 627 (165, 89, 76)
382 539 (148, 83, 68)
382 626 (156, 79, 67)
383 538 (146, 83, 63)
383 625 (156, 78, 69)
383 626 (156, 77, 68)
384 537 (154, 93, 67)
384 624 (169, 94, 73)
384 625 (155, 74, 62)
385 536 (157, 98, 70)
385 623 (162, 91, 60)
385 624 (159, 82, 60)
386 536 (158, 96, 67)
386 622 (158, 88, 51)
386 623 (156, 84, 53)
387 535 (157, 94, 62)
387 621 (158, 88, 51)
387 622 (157, 87, 50)
388 534 (161, 96, 60)
388 621 (155, 82, 46)
389 534 (164, 96, 61)
389 620 (164, 91, 56)
389 621 (149, 74, 39)
390 533 (177, 110, 75)
390 620 (164, 89, 55)
391 534 (171, 97, 69)
391 619 (165, 90, 56)
391 620 (169, 90, 59)
392 534 (172, 97, 76)
392 617 (164, 90, 50)
392 618 (156, 82, 44)
392 619 (164, 85, 52)
393 534 (173, 98, 79)
393 617 (160, 85, 48)
394 533 (185, 110, 91)
394 616 (166, 92, 55)
394 617 (160, 82, 48)
395 533 (184, 108, 92)
395 616 (167, 89, 55)
396 532 (181, 109, 87)
396 615 (156, 82, 44)
396 616 (162, 82, 51)
397 531 (177, 105, 79)
397 614 (155, 81, 43)
397 615 (156, 80, 45)
398 531 (175, 103, 75)
398 613 (164, 93, 52)
398 614 (154, 79, 44)
399 530 (180, 110, 74)
399 612 (158, 88, 49)
399 613 (158, 85, 50)
400 530 (176, 104, 66)
400 611 (146, 81, 40)
400 612 (147, 79, 43)
401 530 (176, 102, 63)
401 610 (148, 83, 42)
401 611 (146, 78, 42)
402 529 (184, 111, 72)
402 603 (166, 93, 46)
402 609 (163, 94, 52)
402 610 (151, 80, 43)
403 529 (186, 114, 71)
403 604 (162, 89, 44)
403 605 (162, 89, 44)
403 606 (160, 87, 42)
403 607 (156, 82, 40)
403 608 (155, 83, 42)
403 609 (155, 84, 45)
404 529 (186, 114, 68)
405 529 (186, 115, 65)
406 529 (189, 120, 68)
407 530 (187, 116, 64)
408 530 (191, 120, 69)
409 530 (190, 119, 68)
410 531 (181, 109, 62)
411 531 (184, 113, 63)
412 531 (184, 113, 63)
413 532 (191, 115, 74)
414 532 (194, 118, 77)
415 532 (195, 118, 74)
416 532 (198, 116, 68)
417 532 (197, 114, 62)
418 531 (191, 109, 48)
419 530 (201, 120, 56)
420 530 (204, 119, 54)
421 530 (201, 115, 46)
422 530 (199, 110, 44)
423 529 (208, 122, 54)
424 529 (210, 121, 57)
425 529 (208, 117, 59)
426 529 (209, 116, 60)
427 529 (208, 115, 61)
428 528 (202, 109, 55)
429 527 (194, 107, 47)
430 527 (193, 102, 46)
431 527 (196, 101, 50)
432 526 (216, 119, 75)
433 526 (213, 113, 71)
434 526 (211, 113, 73)
435 525 (211, 118, 74)
436 524 (199, 112, 64)
437 519 (215, 136, 81)
437 520 (211, 132, 77)
437 521 (210, 131, 76)
437 522 (212, 131, 79)
437 523 (200, 117, 68)
438 482 (252, 185, 121)
438 483 (244, 178, 108)
438 484 (241, 172, 100)
438 485 (242, 171, 98)
438 486 (244, 173, 100)
438 512 (228, 154, 90)
438 513 (226, 150, 86)
438 514 (227, 151, 90)
438 515 (226, 150, 88)
438 516 (221, 142, 82)
438 517 (220, 140, 81)
438 518 (221, 140, 84)
439 480 (240, 174, 115)
439 481 (249, 171, 113)
439 482 (248, 172, 107)
439 487 (240, 163, 86)
439 488 (238, 165, 82)
439 489 (234, 166, 82)
439 509 (226, 152, 91)
439 510 (226, 150, 88)
439 511 (227, 151, 90)
440 480 (236, 163, 101)
440 489 (224, 148, 70)
440 490 (227, 154, 81)
440 508 (230, 152, 89)
441 479 (249, 192, 115)
441 480 (239, 159, 97)
441 490 (231, 152, 83)
441 491 (238, 166, 99)
441 508 (231, 152, 90)
442 479 (253, 187, 111)
442 491 (240, 161, 102)
442 492 (235, 164, 105)
442 507 (232, 153, 95)
443 479 (255, 185, 109)
443 493 (218, 145, 91)
443 494 (223, 157, 97)
443 495 (226, 162, 97)
443 507 (230, 150, 94)
444 479 (255, 183, 109)
444 495 (222, 149, 93)
444 496 (220, 152, 88)
444 497 (222, 153, 88)
444 506 (223, 148, 95)
445 479 (255, 182, 110)
445 497 (224, 152, 91)
445 505 (223, 150, 96)
446 478 (255, 187, 109)
446 479 (255, 176, 107)
446 498 (233, 154, 98)
446 504 (231, 158, 107)
446 559 (171, 104, 63)
446 560 (178, 105, 60)
446 561 (181, 105, 57)
446 562 (179, 103, 55)
447 474 (244, 205, 97)
447 475 (252, 203, 105)
447 476 (244, 185, 92)
447 477 (247, 181, 95)
447 478 (251, 179, 98)
447 499 (223, 144, 92)
447 500 (220, 145, 92)
447 503 (225, 152, 100)
447 563 (179, 102, 58)
448 473 (247, 202, 82)
448 474 (255, 203, 91)
448 500 (223, 142, 95)
448 501 (225, 144, 96)
448 502 (229, 148, 100)
448 563 (181, 102, 62)
449 469 (255, 211, 70)
449 470 (255, 210, 71)
449 471 (255, 211, 78)
449 472 (255, 207, 80)
449 473 (255, 199, 79)
449 563 (180, 101, 63)
450 466 (255, 203, 57)
450 467 (255, 203, 62)
450 468 (255, 201, 64)
450 563 (182, 105, 64)
451 563 (183, 107, 64)
452 563 (181, 105, 57)
453 563 (180, 109, 57)
454 564 (184, 115, 61)
455 565 (187, 119, 62)
456 566 (185, 115, 59)
457 567 (179, 103, 55)
458 568 (184, 101, 64)
459 569 (185, 99, 73)
460 569 (185, 99, 75)
461 569 (185, 96, 75)
462 568 (181, 93, 72)
463 567 (180, 95, 71)
464 567 (178, 91, 62)
465 566 (188, 100, 70)
466 566 (185, 97, 68)
467 565 (190, 102, 73)
468 565 (186, 98, 68)
469 566 (181, 88, 63)
470 566 (181, 88, 63)
471 566 (184, 87, 63)
472 501 (206, 161, 151)
472 566 (185, 88, 64)
473 496 (201, 163, 148)
473 497 (206, 162, 152)
473 498 (207, 163, 153)
473 499 (207, 163, 153)
473 500 (208, 164, 156)
473 566 (186, 87, 64)
474 492 (203, 159, 143)
474 493 (202, 160, 144)
474 494 (201, 163, 146)
474 495 (204, 165, 150)
474 565 (191, 95, 67)
475 484 (208, 160, 160)
475 485 (207, 159, 159)
475 486 (205, 160, 157)
475 487 (207, 163, 157)
475 488 (207, 161, 154)
475 489 (207, 162, 152)
475 490 (208, 163, 152)
475 491 (206, 164, 150)
475 565 (188, 92, 64)
476 483 (208, 166, 171)
476 564 (185, 89, 59)
477 482 (203, 163, 173)
477 563 (184, 94, 59)
478 481 (200, 163, 178)
478 563 (184, 92, 61)
479 479 (205, 166, 186)
479 480 (206, 173, 195)
479 563 (178, 84, 57)
480 477 (211, 172, 190)
480 478 (207, 172, 198)
480 562 (193, 98, 77)
481 476 (205, 169, 186)
481 477 (206, 174, 200)
481 560 (186, 96, 78)
481 561 (193, 97, 83)
482 475 (197, 164, 183)
482 476 (204, 173, 200)
482 559 (187, 112, 82)
482 560 (182, 92, 74)
483 474 (206, 173, 195)
483 475 (203, 176, 204)
483 559 (182, 107, 74)
484 473 (210, 178, 204)
484 474 (205, 177, 210)
484 558 (195, 125, 88)
484 559 (180, 102, 69)
485 471 (201, 169, 185)
485 472 (203, 172, 199)
485 473 (203, 178, 210)
485 558 (195, 125, 88)
486 558 (196, 125, 88)
487 557 (192, 125, 96)
488 557 (193, 121, 98)
489 557 (192, 123, 100)
490 421 (217, 113, 119)
490 422 (215, 109, 117)
490 423 (218, 108, 117)
490 424 (219, 108, 116)
490 425 (222, 112, 115)
490 426 (225, 116, 113)
490 427 (224, 116, 105)
490 428 (221, 115, 97)
490 429 (223, 114, 91)
490 430 (223, 115, 86)
490 431 (223, 115, 84)
490 432 (225, 115, 85)
490 447 (230, 152, 122)
490 448 (232, 153, 124)
490 449 (228, 153, 123)
490 450 (228, 153, 121)
490 451 (232, 162, 125)
490 452 (231, 163, 121)
490 557 (195, 125, 106)
491 418 (216, 125, 112)
491 419 (221, 126, 119)
491 420 (224, 126, 128)
491 421 (228, 125, 135)
491 445 (229, 159, 122)
491 446 (230, 158, 125)
491 447 (237, 166, 133)
491 557 (196, 128, 108)
492 416 (208, 120, 99)
492 417 (207, 120, 102)
492 418 (213, 125, 115)
492 444 (226, 161, 123)
492 445 (224, 161, 122)
492 557 (196, 128, 110)
493 415 (222, 129, 105)
493 416 (214, 127, 107)
493 442 (223, 157, 110)
493 443 (225, 164, 118)
493 556 (188, 131, 113)
494 414 (224, 128, 99)
494 415 (234, 143, 119)
494 440 (243, 175, 123)
494 441 (239, 177, 124)
494 442 (235, 179, 124)
494 556 (190, 132, 114)
495 413 (220, 125, 89)
495 414 (229, 133, 104)
495 439 (234, 169, 112)
495 440 (244, 185, 126)
495 556 (191, 133, 115)
496 412 (219, 122, 87)
496 413 (219, 123, 92)
496 438 (227, 167, 99)
496 439 (225, 171, 104)
496 556 (193, 132, 115)
497 437 (240, 181, 109)
497 438 (233, 182, 108)
497 556 (193, 132, 116)
498 437 (250, 198, 123)
498 555 (206, 158, 145)
499 555 (206, 158, 145)
500 555 (206, 158, 145)
501 555 (205, 157, 142)
502 555 (205, 157, 142)
503 555 (204, 155, 139)
504 555 (201, 152, 131)
505 555 (199, 149, 124)
506 555 (201, 148, 121)
507 554 (199, 150, 130)
508 551 (202, 160, 171)
508 552 (200, 147, 155)
508 553 (199, 140, 139)
509 550 (195, 151, 170)
509 551 (199, 152, 162)
510 549 (197, 148, 182)
510 550 (193, 148, 165)
511 549 (201, 147, 178)
512 549 (198, 139, 164)
513 548 (208, 154, 180)
514 549 (196, 140, 153)
515 549 (198, 145, 153)
516 550 (200, 150, 138)
517 551 (202, 148, 128)
518 551 (200, 150, 127)
519 552 (191, 133, 113)
520 552 (194, 136, 116)
521 552 (192, 136, 113)
522 552 (191, 135, 110)
523 551 (202, 155, 124)
524 551 (202, 153, 119)
525 551 (200, 152, 116)
526 550 (194, 153, 117)
527 550 (197, 152, 114)
528 549 (198, 152, 117)
529 548 (205, 160, 122)
530 546 (200, 165, 125)
530 547 (206, 166, 125)
531 545 (196, 165, 117)
532 545 (196, 165, 111)
532 577 (176, 143, 98)
533 544 (204, 173, 119)
533 577 (178, 140, 97)
533 596 (162, 158, 179)
534 544 (206, 171, 116)
534 577 (177, 140, 91)
534 596 (162, 158, 190)
534 597 (163, 155, 187)
534 598 (162, 157, 185)
535 545 (198, 160, 99)
535 578 (185, 146, 98)
535 599 (162, 154, 186)
536 545 (200, 160, 101)
536 579 (185, 143, 100)
536 580 (187, 143, 107)
536 600 (162, 153, 181)
537 545 (199, 159, 102)
537 581 (184, 138, 109)
537 582 (181, 140, 115)
537 601 (164, 157, 177)
538 544 (204, 167, 113)
538 583 (177, 133, 119)
538 602 (165, 157, 167)
539 544 (204, 169, 116)
539 584 (181, 136, 129)
539 601 (164, 159, 176)
540 544 (203, 167, 116)
540 585 (183, 143, 140)
540 600 (167, 154, 183)
541 542 (194, 166, 115)
541 543 (195, 166, 113)
541 586 (173, 136, 142)
541 599 (163, 152, 190)
542 541 (195, 166, 122)
542 587 (164, 135, 145)
542 599 (164, 151, 187)
543 540 (200, 171, 129)
543 587 (166, 134, 141)
543 588 (170, 146, 162)
543 598 (168, 152, 196)
544 539 (199, 167, 128)
544 588 (168, 139, 147)
544 589 (173, 147, 166)
544 597 (166, 151, 194)
545 538 (195, 163, 124)
545 589 (168, 140, 150)
545 590 (168, 142, 165)
545 594 (161, 148, 186)
545 595 (160, 147, 185)
545 596 (159, 146, 182)
546 537 (197, 162, 124)
546 590 (166, 138, 151)
546 591 (162, 137, 160)
546 592 (163, 144, 170)
546 593 (162, 145, 174)
547 528 (209, 165, 157)
547 529 (209, 164, 153)
547 530 (207, 162, 149)
547 531 (205, 161, 145)
547 532 (204, 160, 139)
547 533 (205, 159, 135)
547 534 (204, 159, 130)
547 535 (204, 160, 127)
547 536 (202, 158, 120)
548 521 (204, 152, 172)
548 522 (206, 152, 164)
548 523 (201, 149, 157)
548 524 (199, 148, 153)
548 525 (202, 148, 152)
548 526 (201, 149, 147)
548 527 (201, 150, 142)
548 528 (202, 152, 138)
549 519 (206, 158, 172)
549 520 (197, 143, 161)
549 521 (200, 142, 159)
550 518 (214, 164, 177)
550 519 (213, 154, 168)
551 517 (209, 161, 175)
551 518 (213, 159, 167)
552 516 (196, 148, 158)
552 517 (200, 146, 154)
553 514 (209, 169, 169)
553 515 (211, 166, 165)
553 516 (195, 144, 145)
554 513 (211, 167, 161)
554 514 (211, 166, 156)
555 487 (215, 171, 135)
555 488 (215, 170, 129)
555 489 (215, 171, 125)
555 490 (215, 171, 123)
555 491 (212, 170, 117)
555 492 (211, 171, 115)
555 493 (209, 174, 112)
555 494 (209, 177, 112)
555 495 (208, 179, 116)
555 496 (207, 179, 120)
555 497 (205, 182, 126)
555 498 (207, 186, 134)
555 512 (211, 166, 153)
555 513 (209, 159, 145)
556 485 (212, 170, 148)
556 486 (215, 169, 139)
556 498 (204, 181, 123)
556 499 (202, 183, 131)
556 511 (212, 172, 146)
556 512 (206, 155, 133)
557 484 (210, 168, 154)
557 499 (205, 182, 126)
557 500 (201, 182, 132)
557 511 (216, 170, 138)
558 483 (215, 171, 165)
558 500 (202, 181, 129)
558 501 (203, 183, 137)
558 510 (212, 168, 130)
558 511 (217, 167, 128)
559 483 (212, 163, 156)
559 501 (200, 179, 127)
559 502 (202, 182, 136)
559 509 (204, 159, 121)
559 510 (205, 157, 118)
560 482 (216, 161, 162)
560 483 (210, 152, 146)
560 503 (201, 180, 128)
560 509 (200, 149, 113)
561 481 (221, 162, 165)
561 482 (222, 163, 159)
561 504 (206, 177, 123)
561 508 (217, 164, 125)
562 480 (210, 157, 158)
562 481 (216, 155, 158)
562 504 (206, 171, 116)
562 505 (201, 164, 112)
562 506 (205, 161, 112)
562 507 (209, 160, 114)
563 479 (207, 166, 160)
563 480 (203, 149, 147)
