1000 975
7 75 (38, 20, 35)
7 76 (39, 21, 34)
7 77 (47, 28, 41)
7 78 (59, 38, 50)
7 79 (67, 46, 57)
7 80 (73, 48, 56)
7 81 (92, 67, 70)
7 84 (114, 78, 77)
7 85 (148, 114, 108)
7 86 (176, 154, 137)
7 99 (182, 162, 141)
7 100 (150, 131, 114)
7 101 (129, 110, 98)
7 102 (118, 97, 90)
7 103 (117, 94, 94)
7 104 (94, 72, 75)
7 105 (75, 54, 61)
8 84 (114, 81, 77)
9 84 (123, 89, 85)
9 99 (169, 149, 132)
10 84 (133, 102, 97)
10 99 (149, 134, 118)
11 84 (136, 108, 102)
11 98 (154, 139, 123)
12 84 (135, 107, 103)
12 89 (189, 160, 139)
12 90 (202, 165, 142)
12 91 (222, 180, 158)
12 92 (227, 191, 168)
12 97 (172, 156, 140)
12 98 (146, 130, 118)
13 84 (136, 109, 105)
13 97 (164, 147, 135)
14 84 (133, 111, 106)
14 97 (147, 134, 121)
14 150 (35, 24, 40)
14 151 (34, 22, 38)
15 84 (134, 107, 103)
15 96 (147, 131, 119)
15 148 (35, 21, 36)
15 149 (45, 31, 45)
15 151 (48, 34, 51)
16 84 (139, 104, 100)
16 95 (151, 132, 117)
16 96 (136, 113, 106)
16 146 (37, 18, 33)
16 147 (43, 28, 42)
16 152 (44, 34, 48)
16 153 (33, 25, 40)
17 83 (129, 92, 93)
17 95 (140, 118, 109)
17 145 (42, 22, 33)
17 146 (51, 33, 44)
17 152 (36, 30, 43)
18 83 (125, 95, 93)
18 94 (151, 125, 115)
18 95 (121, 93, 87)
18 143 (38, 23, 39)
18 144 (50, 30, 41)
18 145 (59, 36, 46)
18 151 (41, 29, 42)
18 152 (31, 22, 35)
19 83 (133, 107, 104)
19 94 (133, 106, 96)
19 142 (34, 21, 37)
19 143 (48, 33, 47)
19 150 (43, 29, 43)
19 151 (31, 19, 33)
20 82 (99, 80, 79)
20 93 (136, 120, 110)
20 141 (34, 20, 34)
20 142 (41, 28, 42)
20 149 (41, 26, 39)
21 82 (97, 77, 74)
21 92 (130, 123, 111)
21 93 (112, 93, 85)
21 140 (36, 22, 37)
21 141 (43, 29, 43)
21 147 (66, 46, 55)
21 148 (47, 29, 39)
21 930 (67, 32, 41)
21 931 (81, 38, 46)
21 932 (86, 39, 46)
21 933 (82, 32, 40)
21 934 (77, 28, 35)
22 82 (99, 74, 74)
22 91 (139, 140, 126)
22 92 (108, 94, 85)
22 138 (31, 17, 34)
22 139 (36, 25, 39)
22 146 (55, 33, 42)
22 147 (40, 20, 30)
22 928 (54, 26, 34)
22 929 (73, 42, 49)
22 930 (91, 57, 62)
22 934 (111, 51, 56)
23 83 (122, 100, 97)
23 91 (117, 115, 103)
23 137 (31, 18, 34)
23 138 (36, 25, 39)
23 145 (49, 29, 39)
23 146 (39, 19, 31)
23 928 (61, 36, 40)
23 939 (110, 52, 57)
23 940 (97, 47, 55)
23 941 (83, 44, 50)
24 83 (120, 99, 96)
24 90 (126, 119, 108)
24 91 (101, 90, 83)
24 136 (33, 20, 36)
24 137 (35, 24, 40)
24 143 (47, 33, 45)
24 144 (37, 22, 34)
24 927 (46, 26, 31)
24 928 (93, 81, 79)
24 941 (112, 65, 69)
24 942 (74, 40, 43)
25 83 (118, 98, 97)
25 89 (125, 110, 103)
25 90 (101, 88, 81)
25 136 (35, 23, 39)
25 142 (41, 28, 40)
25 143 (35, 21, 35)
25 927 (72, 52, 54)
25 933 (127, 47, 44)
25 934 (137, 49, 46)
25 935 (129, 42, 37)
25 936 (128, 41, 36)
25 937 (115, 31, 29)
25 938 (141, 57, 57)
25 942 (97, 57, 55)
26 83 (109, 94, 92)
26 87 (124, 123, 113)
26 88 (107, 100, 91)
26 89 (102, 87, 83)
26 927 (83, 58, 59)
26 942 (97, 49, 46)
27 83 (106, 94, 92)
27 86 (103, 104, 96)
27 87 (92, 93, 86)
27 927 (83, 55, 57)
27 942 (99, 44, 42)
28 83 (102, 93, 93)
28 84 (110, 98, 96)
28 927 (77, 51, 52)
28 941 (137, 66, 64)
29 84 (96, 83, 84)
29 927 (88, 62, 63)
29 940 (149, 74, 73)
29 941 (109, 47, 48)
30 84 (83, 71, 72)
30 85 (90, 76, 76)
30 927 (88, 62, 63)
30 938 (139, 72, 67)
30 939 (120, 58, 56)
30 940 (106, 51, 51)
31 85 (74, 60, 63)
31 86 (84, 69, 70)
31 927 (73, 49, 53)
32 928 (83, 58, 59)
33 929 (90, 65, 63)
33 936 (89, 62, 56)
34 929 (82, 62, 60)
34 936 (100, 81, 72)
35 929 (90, 76, 74)
35 936 (109, 94, 85)
36 928 (85, 73, 74)
36 936 (105, 91, 85)
37 928 (69, 61, 63)
37 929 (83, 72, 70)
37 930 (98, 84, 82)
37 935 (88, 75, 68)
37 936 (81, 68, 63)
38 930 (59, 47, 50)
38 931 (63, 52, 53)
38 932 (67, 57, 55)
38 933 (67, 57, 54)
38 934 (69, 59, 56)
38 935 (75, 64, 62)
50 483 (69, 15, 30)
50 484 (73, 20, 32)
50 485 (64, 18, 30)
51 53 (102, 105, 102)
51 54 (103, 109, 104)
51 55 (120, 126, 119)
51 56 (114, 122, 112)
51 57 (122, 125, 116)
51 58 (116, 113, 108)
51 59 (107, 101, 98)
51 482 (95, 29, 42)
51 486 (66, 18, 33)
52 51 (91, 91, 91)
52 52 (92, 99, 93)
52 59 (138, 141, 130)
52 60 (113, 116, 109)
52 482 (123, 42, 57)
52 486 (104, 42, 56)
53 50 (96, 102, 101)
53 51 (109, 120, 112)
53 60 (138, 150, 138)
53 61 (103, 112, 106)
53 482 (107, 31, 48)
53 486 (97, 37, 51)
53 883 (18, 4, 22)
53 884 (22, 4, 22)
53 885 (26, 11, 27)
53 886 (21, 10, 25)
54 49 (70, 82, 84)
54 50 (118, 135, 131)
54 61 (117, 135, 124)
54 62 (76, 89, 84)
54 482 (69, 6, 32)
54 483 (92, 23, 43)
54 485 (100, 31, 48)
54 486 (70, 22, 41)
54 882 (26, 12, 28)
54 883 (32, 20, 33)
54 887 (24, 14, 28)
55 49 (80, 98, 98)
55 62 (88, 101, 96)
55 484 (59, 1, 28)
55 485 (61, 8, 33)
55 882 (64, 51, 65)
55 888 (59, 51, 65)
56 49 (76, 98, 99)
56 61 (139, 148, 143)
56 882 (42, 30, 43)
56 888 (62, 51, 66)
57 50 (93, 118, 115)
57 60 (107, 110, 104)
57 61 (107, 110, 109)
57 237 (30, 24, 38)
57 882 (15, 1, 20)
57 883 (21, 2, 21)
57 884 (25, 10, 24)
57 885 (29, 15, 28)
57 886 (31, 19, 32)
57 887 (24, 14, 28)
58 50 (62, 76, 78)
58 51 (90, 107, 103)
58 58 (112, 111, 102)
58 59 (101, 99, 94)
58 60 (95, 90, 89)
58 93 (74, 53, 54)
58 94 (95, 79, 75)
58 95 (98, 84, 83)
58 236 (59, 52, 67)
58 237 (36, 30, 45)
58 238 (26, 19, 34)
58 885 (21, 2, 21)
59 51 (75, 84, 86)
59 52 (87, 100, 97)
59 53 (92, 107, 99)
59 54 (103, 112, 105)
59 55 (110, 118, 108)
59 56 (92, 95, 87)
59 57 (93, 94, 87)
59 91 (69, 39, 44)
59 92 (98, 69, 71)
59 95 (195, 180, 174)
59 96 (109, 92, 100)
59 234 (31, 25, 39)
59 235 (57, 49, 64)
59 237 (46, 39, 54)
59 238 (25, 17, 31)
60 90 (80, 52, 55)
60 91 (101, 73, 72)
60 96 (101, 84, 91)
60 234 (33, 27, 42)
60 238 (28, 21, 34)
60 673 (64, 59, 65)
60 674 (62, 55, 63)
61 89 (67, 42, 43)
61 90 (103, 77, 72)
61 96 (73, 56, 62)
61 234 (31, 25, 39)
61 238 (39, 32, 46)
61 239 (24, 16, 32)
61 358 (50, 29, 47)
61 359 (50, 30, 46)
61 360 (45, 25, 41)
61 361 (35, 13, 33)
61 671 (61, 54, 64)
61 672 (85, 82, 88)
61 675 (77, 70, 79)
61 676 (56, 48, 59)
62 89 (83, 60, 54)
62 95 (89, 70, 67)
62 234 (31, 22, 37)
62 239 (26, 16, 31)
62 358 (61, 37, 53)
62 361 (55, 32, 48)
62 362 (35, 13, 33)
62 671 (71, 63, 73)
62 676 (95, 92, 101)
63 88 (70, 50, 50)
63 89 (132, 110, 101)
63 94 (94, 73, 68)
63 95 (62, 43, 46)
63 234 (35, 23, 39)
63 239 (27, 19, 32)
63 358 (63, 39, 55)
63 362 (48, 28, 45)
63 671 (78, 68, 78)
63 677 (47, 41, 50)
64 89 (168, 144, 141)
64 93 (81, 61, 64)
64 94 (62, 43, 51)
64 235 (46, 30, 45)
64 239 (28, 19, 32)
64 358 (53, 30, 47)
64 362 (61, 39, 60)
64 671 (87, 74, 84)
64 677 (42, 35, 45)
65 89 (138, 117, 117)
65 90 (121, 101, 101)
65 91 (90, 70, 73)
65 92 (67, 48, 55)
65 235 (41, 23, 39)
65 239 (30, 23, 33)
65 240 (26, 17, 34)
65 359 (40, 20, 38)
65 360 (56, 35, 54)
65 361 (60, 39, 58)
65 671 (47, 33, 45)
65 672 (65, 54, 58)
65 676 (93, 83, 93)
66 235 (37, 18, 36)
66 240 (25, 14, 33)
66 672 (55, 44, 51)
66 673 (64, 57, 62)
66 674 (84, 75, 81)
66 675 (84, 75, 83)
66 676 (56, 47, 59)
67 235 (34, 18, 37)
67 240 (30, 20, 39)
68 236 (36, 26, 43)
68 240 (35, 27, 46)
69 236 (33, 25, 42)
69 241 (34, 21, 43)
70 237 (36, 30, 46)
70 240 (40, 31, 50)
71 238 (45, 38, 55)
71 239 (57, 48, 66)
76 107 (104, 43, 51)
77 106 (109, 46, 50)
77 107 (125, 58, 61)
78 105 (121, 55, 58)
78 106 (138, 66, 69)
78 313 (102, 48, 67)
79 104 (127, 56, 57)
79 105 (144, 71, 69)
79 109 (137, 59, 65)
79 311 (106, 56, 70)
79 312 (135, 77, 91)
79 313 (142, 81, 92)
79 314 (136, 78, 90)
79 315 (118, 63, 79)
79 316 (94, 49, 65)
80 103 (142, 57, 59)
80 104 (158, 75, 70)
80 109 (131, 56, 64)
80 311 (139, 84, 91)
80 316 (115, 66, 76)
81 102 (144, 59, 60)
81 103 (167, 79, 75)
81 108 (145, 66, 72)
81 311 (140, 84, 90)
81 316 (140, 86, 94)
82 101 (142, 64, 66)
82 102 (174, 93, 89)
82 107 (156, 86, 83)
82 108 (124, 57, 61)
82 311 (124, 70, 78)
82 316 (139, 88, 101)
83 100 (139, 56, 59)
83 101 (183, 100, 96)
83 107 (137, 73, 72)
83 311 (101, 51, 64)
83 312 (122, 68, 77)
83 315 (136, 83, 93)
83 316 (108, 62, 77)
84 100 (182, 93, 91)
84 106 (156, 93, 88)
84 107 (118, 59, 61)
84 313 (105, 55, 69)
84 314 (105, 58, 71)
84 315 (98, 53, 68)
85 99 (174, 84, 85)
85 106 (138, 76, 76)
86 98 (152, 75, 73)
86 99 (211, 131, 120)
86 105 (169, 98, 94)
87 98 (176, 104, 95)
87 104 (206, 133, 125)
87 105 (146, 73, 76)
88 97 (155, 80, 77)
88 104 (172, 96, 94)
89 97 (172, 94, 87)
89 103 (187, 116, 108)
89 104 (141, 69, 71)
89 525 (87, 37, 54)
90 96 (148, 71, 70)
90 102 (195, 122, 114)
90 103 (145, 77, 75)
90 524 (73, 28, 41)
90 525 (126, 65, 80)
90 526 (167, 93, 109)
90 527 (127, 67, 84)
91 95 (123, 54, 59)
91 96 (166, 87, 85)
91 101 (187, 113, 108)
91 102 (150, 80, 81)
91 523 (64, 24, 38)
91 524 (107, 53, 66)
91 528 (62, 31, 49)
92 95 (143, 66, 71)
92 100 (171, 100, 98)
92 101 (141, 73, 76)
92 523 (87, 39, 53)
92 528 (51, 24, 41)
93 95 (158, 77, 81)
93 99 (166, 96, 94)
93 100 (136, 69, 73)
93 522 (69, 28, 43)
93 527 (85, 43, 46)
94 98 (161, 88, 84)
94 99 (130, 69, 69)
94 522 (79, 32, 47)
94 527 (67, 33, 34)
95 97 (154, 76, 73)
95 98 (125, 61, 61)
95 522 (86, 38, 54)
95 523 (139, 81, 95)
95 526 (84, 44, 45)
95 527 (49, 21, 26)
96 97 (119, 57, 61)
96 520 (36, 21, 35)
96 524 (138, 81, 99)
96 525 (106, 58, 75)
96 526 (60, 26, 39)
97 519 (55, 53, 67)
97 524 (99, 51, 73)
97 525 (73, 33, 54)
98 518 (24, 22, 40)
98 524 (71, 34, 52)
99 518 (23, 23, 41)
99 524 (54, 24, 42)
100 518 (23, 21, 41)
100 523 (42, 18, 36)
100 524 (39, 14, 34)
101 519 (26, 26, 44)
101 523 (36, 17, 35)
102 520 (25, 23, 40)
102 521 (67, 62, 80)
102 522 (63, 50, 69)
113 389 (81, 27, 52)
113 390 (96, 38, 63)
113 391 (99, 45, 71)
113 392 (69, 29, 55)
114 388 (76, 22, 53)
114 389 (103, 33, 65)
114 392 (95, 38, 68)
114 393 (68, 26, 56)
115 200 (41, 40, 57)
115 201 (42, 46, 63)
115 202 (33, 33, 51)
115 388 (84, 24, 57)
115 393 (75, 26, 59)
116 199 (42, 30, 49)
116 200 (47, 51, 69)
116 202 (44, 50, 64)
116 203 (25, 23, 40)
116 388 (83, 20, 54)
116 393 (74, 24, 57)
117 199 (44, 32, 52)
117 203 (32, 32, 49)
117 388 (83, 24, 58)
117 389 (109, 38, 74)
117 392 (87, 30, 62)
118 199 (45, 35, 55)
118 203 (40, 40, 57)
118 389 (87, 31, 65)
118 390 (96, 37, 71)
118 391 (88, 35, 69)
119 199 (48, 39, 59)
119 200 (38, 42, 59)
119 202 (48, 55, 71)
120 22 (61, 54, 66)
120 23 (62, 56, 68)
120 24 (47, 42, 53)
120 200 (34, 32, 51)
120 201 (33, 33, 51)
121 21 (94, 88, 99)
121 24 (68, 64, 73)
121 25 (58, 55, 64)
122 21 (80, 74, 85)
122 26 (35, 33, 42)
123 21 (42, 34, 43)
123 26 (53, 49, 58)
123 27 (35, 33, 42)
124 21 (50, 42, 53)
124 27 (54, 47, 59)
125 21 (43, 33, 45)
125 22 (57, 48, 58)
125 27 (62, 56, 68)
126 22 (48, 40, 48)
126 23 (51, 43, 52)
126 24 (66, 59, 68)
126 25 (65, 58, 67)
126 26 (67, 59, 70)
126 27 (64, 55, 68)
127 23 (56, 47, 59)
127 24 (44, 37, 47)
127 27 (52, 46, 58)
128 24 (43, 39, 53)
128 27 (44, 41, 53)
129 24 (49, 47, 63)
130 24 (34, 31, 47)
130 25 (56, 51, 68)
131 25 (31, 24, 41)
131 26 (34, 29, 43)
132 26 (35, 23, 39)
132 27 (38, 23, 41)
138 350 (131, 32, 80)
138 351 (91, 8, 59)
139 348 (116, 18, 69)
139 349 (159, 36, 86)
139 351 (130, 31, 75)
139 352 (84, 24, 73)
140 348 (147, 36, 81)
140 352 (101, 33, 81)
141 347 (97, 31, 75)
141 352 (102, 33, 80)
141 444 (54, 24, 55)
141 445 (55, 26, 56)
142 348 (133, 31, 85)
142 351 (135, 39, 80)
142 352 (89, 26, 73)
142 442 (75, 35, 70)
142 443 (84, 43, 78)
142 446 (67, 31, 60)
142 447 (55, 26, 55)
142 724 (97, 16, 29)
142 725 (121, 25, 36)
142 726 (147, 36, 43)
142 727 (166, 46, 53)
142 728 (193, 68, 74)
143 348 (101, 22, 77)
143 349 (124, 31, 83)
143 350 (118, 30, 75)
143 351 (94, 21, 66)
143 442 (82, 42, 75)
143 447 (79, 41, 69)
143 448 (55, 30, 62)
143 723 (99, 21, 34)
143 724 (138, 43, 48)
144 442 (76, 39, 68)
144 448 (72, 40, 70)
144 721 (83, 11, 28)
144 722 (111, 28, 37)
144 723 (159, 62, 63)
144 728 (164, 62, 62)
144 729 (116, 36, 44)
145 442 (60, 27, 57)
145 443 (73, 36, 63)
145 447 (99, 55, 83)
145 448 (76, 43, 74)
145 720 (92, 20, 33)
145 721 (120, 29, 38)
145 728 (114, 36, 40)
146 443 (54, 25, 56)
146 444 (64, 28, 57)
146 445 (74, 35, 63)
146 446 (80, 41, 69)
146 447 (82, 44, 74)
146 719 (78, 18, 34)
146 720 (124, 29, 41)
146 721 (177, 57, 66)
146 727 (100, 27, 34)
146 728 (74, 13, 27)
147 719 (108, 39, 52)
147 722 (219, 86, 92)
147 725 (119, 39, 42)
147 726 (90, 22, 30)
147 911 (70, 13, 27)
147 912 (104, 26, 35)
147 913 (103, 22, 28)
147 914 (97, 25, 34)
147 915 (84, 23, 35)
148 722 (137, 33, 43)
148 723 (119, 28, 37)
148 724 (101, 25, 35)
148 911 (103, 28, 40)
148 915 (109, 29, 39)
149 720 (118, 39, 49)
149 721 (107, 26, 35)
149 910 (85, 25, 39)
149 916 (93, 29, 40)
150 910 (87, 26, 39)
150 915 (118, 34, 43)
150 916 (81, 20, 32)
151 911 (100, 28, 39)
151 914 (117, 32, 40)
151 915 (92, 23, 31)
152 241 (168, 61, 92)
152 242 (179, 70, 101)
152 243 (182, 71, 104)
152 244 (183, 72, 107)
152 245 (170, 63, 102)
152 912 (92, 23, 33)
152 913 (89, 18, 30)
152 914 (77, 17, 29)
153 240 (173, 69, 99)
153 241 (193, 82, 107)
153 245 (193, 82, 117)
154 240 (184, 83, 109)
154 246 (180, 71, 110)
155 240 (193, 90, 118)
155 246 (174, 70, 107)
155 816 (138, 36, 47)
155 817 (144, 41, 53)
155 818 (127, 36, 45)
155 819 (105, 28, 40)
156 240 (189, 78, 116)
156 245 (183, 78, 116)
156 815 (147, 39, 54)
156 819 (137, 43, 52)
156 820 (108, 32, 44)
156 890 (111, 104, 101)
156 891 (145, 137, 133)
156 892 (109, 103, 100)
156 893 (61, 59, 60)
157 240 (162, 59, 98)
157 241 (182, 72, 109)
157 242 (193, 81, 119)
157 243 (187, 80, 117)
157 244 (176, 73, 110)
157 245 (159, 62, 102)
157 815 (162, 46, 58)
157 820 (121, 37, 45)
157 889 (65, 58, 60)
157 890 (147, 139, 133)
157 893 (81, 79, 76)
157 894 (49, 47, 51)
158 815 (160, 41, 52)
158 820 (129, 38, 44)
158 889 (74, 66, 66)
158 894 (69, 69, 71)
159 815 (131, 29, 41)
159 816 (172, 51, 54)
159 819 (161, 56, 61)
159 820 (129, 40, 47)
159 889 (73, 68, 67)
159 894 (87, 87, 85)
160 816 (123, 27, 39)
160 817 (142, 36, 46)
160 818 (140, 40, 50)
160 819 (124, 33, 44)
160 889 (73, 71, 70)
160 895 (71, 65, 64)
161 131 (43, 39, 57)
161 132 (48, 48, 67)
161 133 (32, 35, 52)
161 889 (77, 79, 77)
161 895 (85, 86, 81)
162 130 (41, 34, 54)
162 131 (73, 72, 91)
162 133 (83, 90, 106)
162 134 (49, 53, 70)
162 889 (63, 69, 68)
162 895 (114, 117, 113)
162 896 (100, 92, 95)
163 98 (37, 29, 46)
163 99 (50, 42, 60)
163 130 (46, 43, 61)
163 134 (54, 60, 77)
163 696 (33, 32, 46)
163 697 (29, 28, 39)
163 698 (22, 21, 33)
163 889 (45, 50, 51)
163 890 (50, 68, 61)
163 896 (93, 86, 92)
164 98 (42, 32, 48)
164 100 (74, 65, 84)
164 101 (47, 39, 57)
164 130 (69, 67, 86)
164 135 (43, 43, 60)
164 695 (45, 45, 57)
164 696 (51, 53, 62)
164 699 (47, 44, 57)
164 890 (54, 72, 68)
164 895 (88, 96, 96)
164 896 (67, 61, 67)
165 97 (44, 31, 47)
165 101 (43, 35, 53)
165 130 (50, 49, 68)
165 134 (55, 62, 78)
165 695 (59, 60, 71)
165 700 (30, 27, 41)
165 890 (59, 74, 75)
165 895 (60, 68, 72)
166 45 (35, 28, 47)
166 46 (39, 35, 54)
166 47 (44, 40, 59)
166 48 (46, 43, 60)
166 49 (44, 40, 57)
166 50 (44, 39, 56)
166 51 (45, 37, 54)
166 97 (39, 27, 43)
166 102 (34, 25, 44)
166 130 (40, 37, 56)
166 131 (56, 56, 74)
166 132 (76, 80, 99)
166 133 (69, 73, 91)
166 134 (39, 43, 60)
166 695 (41, 40, 51)
166 700 (17, 13, 29)
166 890 (44, 55, 60)
166 891 (65, 80, 82)
166 894 (53, 67, 69)
166 895 (44, 52, 58)
167 44 (35, 28, 47)
167 51 (54, 49, 66)
167 52 (46, 42, 59)
167 97 (41, 29, 45)
167 101 (40, 32, 49)
167 695 (36, 34, 46)
167 699 (38, 34, 46)
167 891 (58, 65, 71)
167 892 (84, 92, 98)
167 893 (72, 80, 86)
167 894 (48, 56, 61)
168 44 (47, 38, 55)
168 52 (57, 53, 70)
168 53 (46, 38, 56)
168 97 (44, 31, 47)
168 98 (66, 57, 76)
168 100 (59, 51, 69)
168 101 (40, 33, 50)
168 696 (29, 26, 38)
168 697 (27, 24, 35)
168 698 (22, 18, 31)
169 43 (53, 44, 62)
169 53 (50, 46, 63)
169 99 (47, 38, 56)
170 43 (61, 47, 64)
170 53 (56, 51, 68)
171 43 (65, 52, 67)
171 53 (55, 52, 66)
172 43 (69, 57, 72)
172 48 (63, 64, 72)
172 49 (62, 63, 73)
172 53 (63, 61, 76)
173 43 (65, 50, 65)
173 46 (74, 68, 74)
173 47 (77, 74, 80)
173 52 (60, 56, 68)
173 221 (96, 54, 97)
174 44 (86, 73, 86)
174 45 (67, 58, 68)
174 46 (100, 94, 101)
174 52 (47, 44, 57)
174 217 (66, 35, 79)
174 218 (76, 40, 84)
174 219 (94, 52, 95)
174 220 (143, 94, 140)
174 222 (130, 79, 121)
174 223 (105, 61, 104)
175 44 (74, 58, 67)
175 45 (92, 75, 83)
175 51 (71, 63, 74)
175 215 (61, 43, 89)
175 216 (68, 47, 90)
175 217 (74, 45, 86)
175 218 (83, 47, 88)
175 223 (119, 72, 113)
176 45 (133, 101, 107)
176 50 (77, 62, 71)
176 214 (50, 45, 88)
176 224 (92, 56, 106)
177 44 (103, 73, 80)
177 45 (153, 111, 115)
177 49 (96, 74, 81)
177 214 (60, 59, 102)
177 223 (117, 73, 109)
178 44 (119, 86, 89)
178 45 (151, 109, 111)
178 46 (175, 132, 127)
178 48 (149, 117, 119)
178 49 (108, 82, 88)
178 214 (45, 40, 85)
178 215 (70, 68, 112)
178 223 (104, 61, 101)
179 44 (151, 113, 116)
179 49 (128, 98, 103)
179 215 (42, 37, 82)
179 216 (47, 39, 84)
179 217 (56, 40, 85)
179 218 (70, 40, 85)
179 219 (92, 49, 96)
179 220 (113, 62, 110)
179 221 (121, 68, 116)
179 222 (113, 66, 110)
180 43 (126, 91, 97)
180 49 (138, 108, 113)
181 43 (141, 106, 109)
181 49 (148, 116, 119)
181 896 (41, 40, 51)
181 897 (45, 46, 54)
181 898 (40, 41, 49)
181 899 (35, 34, 45)
181 900 (29, 26, 37)
182 43 (143, 111, 114)
182 49 (134, 103, 105)
182 896 (47, 60, 66)
182 900 (43, 54, 63)
182 901 (26, 33, 43)
183 42 (97, 75, 84)
183 49 (124, 96, 98)
183 895 (43, 47, 60)
183 901 (45, 59, 66)
184 42 (119, 94, 106)
184 49 (118, 92, 96)
184 182 (113, 88, 115)
184 183 (124, 98, 124)
184 184 (131, 105, 129)
184 185 (115, 92, 118)
184 186 (100, 78, 106)
184 895 (50, 55, 67)
184 901 (59, 71, 80)
185 42 (117, 95, 106)
185 49 (98, 76, 81)
185 181 (130, 105, 126)
185 182 (152, 127, 143)
185 186 (143, 124, 141)
185 187 (117, 97, 123)
185 895 (38, 38, 52)
185 896 (37, 50, 58)
185 901 (50, 57, 66)
186 42 (118, 100, 114)
186 48 (150, 126, 129)
186 49 (91, 71, 79)
186 181 (151, 126, 138)
186 187 (142, 123, 140)
186 897 (29, 30, 40)
186 898 (33, 34, 44)
186 899 (38, 36, 47)
186 900 (40, 35, 47)
186 901 (31, 28, 40)
187 42 (96, 78, 94)
187 43 (151, 134, 144)
187 46 (120, 99, 96)
187 47 (132, 108, 108)
187 48 (156, 134, 141)
187 181 (157, 133, 143)
187 187 (151, 132, 147)
188 43 (99, 82, 96)
188 44 (134, 116, 126)
188 45 (112, 94, 101)
188 48 (125, 106, 119)
188 181 (144, 115, 132)
188 187 (142, 119, 138)
189 181 (117, 88, 112)
189 182 (142, 113, 132)
189 186 (142, 119, 138)
189 187 (113, 90, 117)
190 183 (124, 93, 125)
190 184 (131, 101, 129)
190 185 (118, 93, 123)
197 332 (114, 41, 124)
197 333 (121, 44, 124)
197 334 (118, 45, 121)
198 331 (123, 45, 124)
198 332 (145, 56, 133)
198 335 (134, 58, 130)
199 331 (130, 48, 122)
199 335 (149, 68, 137)
199 336 (105, 46, 125)
200 331 (138, 53, 129)
200 335 (145, 63, 131)
200 336 (104, 45, 124)
200 954 (48, 42, 55)
200 955 (66, 60, 73)
200 956 (49, 43, 53)
200 957 (28, 22, 32)
200 958 (27, 20, 28)
201 331 (136, 56, 135)
201 335 (123, 49, 118)
201 432 (83, 65, 109)
201 433 (111, 95, 137)
201 434 (90, 72, 111)
201 435 (77, 58, 95)
201 436 (63, 41, 81)
201 437 (54, 33, 73)
201 954 (42, 35, 47)
201 958 (29, 23, 29)
202 331 (121, 50, 136)
202 332 (144, 62, 148)
202 333 (142, 60, 143)
202 334 (119, 45, 119)
202 335 (103, 38, 113)
202 432 (132, 116, 152)
202 437 (100, 74, 110)
202 438 (63, 37, 75)
202 954 (30, 25, 35)
202 959 (31, 24, 32)
203 432 (135, 110, 145)
203 438 (126, 94, 130)
203 439 (69, 43, 81)
203 440 (58, 35, 79)
203 954 (20, 12, 26)
203 959 (46, 40, 48)
204 432 (90, 53, 92)
204 440 (78, 54, 95)
204 954 (4, 0, 16)
204 955 (29, 24, 34)
204 959 (41, 34, 45)
205 144 (125, 120, 134)
205 145 (124, 120, 135)
205 146 (126, 122, 137)
205 147 (121, 112, 130)
205 148 (116, 108, 125)
205 432 (79, 39, 82)
205 433 (120, 71, 111)
205 440 (113, 84, 124)
205 441 (60, 42, 84)
205 955 (24, 16, 30)
205 956 (37, 32, 43)
205 957 (49, 43, 55)
205 958 (74, 66, 77)
205 959 (38, 32, 44)
206 143 (130, 128, 141)
206 148 (119, 114, 129)
206 149 (122, 118, 136)
206 433 (83, 42, 94)
206 434 (139, 90, 140)
206 441 (74, 50, 91)
206 573 (104, 74, 79)
206 574 (112, 82, 85)
206 575 (103, 74, 76)
206 576 (99, 69, 75)
207 142 (140, 139, 147)
207 150 (116, 107, 129)
207 435 (106, 62, 110)
207 436 (114, 67, 111)
207 440 (106, 72, 113)
207 571 (122, 87, 89)
207 572 (143, 105, 106)
207 576 (136, 102, 101)
207 577 (125, 90, 93)
207 578 (107, 79, 81)
207 579 (105, 79, 83)
208 137 (146, 153, 156)
208 138 (147, 154, 157)
208 139 (148, 153, 158)
208 140 (150, 152, 157)
208 141 (149, 151, 156)
208 437 (91, 49, 98)
208 438 (98, 57, 104)
208 439 (100, 63, 109)
208 569 (119, 86, 84)
208 570 (154, 117, 112)
208 578 (112, 83, 80)
209 134 (152, 158, 159)
209 135 (155, 161, 160)
209 136 (157, 163, 162)
209 137 (158, 164, 166)
209 568 (125, 91, 87)
209 569 (148, 111, 104)
209 581 (97, 77, 81)
210 132 (155, 157, 161)
210 133 (160, 162, 164)
210 149 (129, 124, 144)
210 150 (127, 118, 141)
210 567 (123, 89, 87)
210 568 (134, 98, 93)
210 580 (124, 101, 104)
210 581 (86, 67, 73)
211 131 (156, 158, 160)
211 132 (162, 164, 167)
211 149 (129, 124, 144)
211 566 (124, 90, 88)
211 567 (145, 108, 103)
211 579 (121, 94, 96)
211 580 (71, 53, 57)
212 130 (159, 161, 163)
212 131 (165, 169, 168)
212 149 (131, 127, 144)
212 565 (117, 84, 84)
212 566 (138, 99, 95)
212 578 (110, 84, 88)
212 579 (81, 60, 65)
213 128 (151, 153, 155)
213 129 (159, 162, 161)
213 149 (133, 130, 147)
213 565 (130, 93, 92)
213 576 (124, 98, 98)
213 577 (109, 87, 90)
213 578 (93, 73, 77)
214 127 (149, 151, 156)
214 128 (157, 159, 161)
214 148 (140, 138, 152)
214 565 (159, 122, 118)
214 574 (126, 97, 90)
214 575 (125, 97, 96)
214 576 (111, 89, 91)
215 126 (145, 147, 152)
215 127 (152, 154, 158)
215 148 (137, 135, 148)
215 565 (156, 118, 117)
215 572 (137, 102, 98)
215 573 (123, 96, 92)
216 55 (82, 66, 87)
216 56 (110, 93, 112)
216 57 (118, 102, 121)
216 58 (102, 86, 105)
216 59 (73, 57, 77)
216 125 (139, 140, 148)
216 147 (146, 147, 158)
216 565 (142, 111, 110)
216 566 (151, 114, 109)
216 569 (134, 98, 93)
216 570 (130, 96, 91)
216 571 (125, 94, 92)
217 54 (80, 67, 89)
217 55 (102, 88, 107)
217 59 (83, 67, 84)
217 60 (80, 59, 80)
217 124 (136, 137, 147)
217 125 (145, 147, 152)
217 147 (143, 144, 155)
217 566 (123, 93, 92)
217 567 (118, 85, 82)
217 568 (112, 79, 77)
218 54 (82, 66, 87)
218 60 (91, 70, 88)
218 124 (139, 140, 150)
218 146 (149, 150, 161)
219 54 (90, 68, 89)
219 60 (101, 84, 100)
219 123 (132, 130, 143)
219 124 (140, 141, 149)
219 145 (151, 157, 164)
219 146 (144, 145, 158)
220 55 (109, 79, 95)
220 61 (90, 72, 91)
220 123 (137, 132, 146)
220 124 (143, 143, 151)
220 145 (147, 152, 164)
221 55 (117, 87, 104)
221 61 (91, 69, 89)
221 124 (141, 142, 150)
221 125 (150, 152, 156)
221 144 (153, 158, 170)
221 145 (143, 148, 162)
222 55 (106, 79, 94)
222 61 (101, 75, 96)
222 121 (126, 117, 135)
222 125 (148, 150, 155)
222 143 (151, 159, 168)
222 144 (148, 153, 165)
223 55 (93, 69, 87)
223 56 (103, 82, 94)
223 61 (108, 79, 104)
223 120 (121, 111, 132)
223 126 (156, 158, 162)
223 141 (160, 166, 171)
223 142 (154, 160, 169)
223 143 (148, 153, 165)
224 56 (98, 77, 95)
224 60 (109, 87, 111)
224 61 (84, 60, 88)
224 119 (113, 99, 123)
224 126 (151, 152, 161)
224 139 (162, 168, 173)
224 140 (160, 161, 170)
224 141 (155, 157, 167)
225 56 (85, 64, 86)
225 57 (102, 80, 103)
225 58 (112, 90, 114)
225 59 (124, 100, 127)
225 60 (94, 72, 99)
225 119 (112, 97, 121)
225 126 (149, 150, 159)
225 127 (155, 157, 162)
225 137 (163, 169, 174)
225 138 (159, 165, 170)
225 139 (154, 160, 167)
226 119 (111, 95, 121)
226 127 (147, 146, 155)
226 128 (157, 153, 160)
226 134 (159, 166, 169)
226 135 (158, 163, 169)
226 136 (156, 161, 169)
226 137 (153, 159, 168)
227 119 (111, 95, 121)
227 128 (148, 144, 153)
227 129 (152, 148, 158)
227 130 (152, 151, 160)
227 131 (153, 152, 160)
227 132 (153, 154, 162)
227 133 (153, 154, 162)
228 119 (112, 95, 121)
229 119 (110, 92, 120)
230 119 (105, 85, 116)
231 119 (101, 81, 114)
231 120 (107, 89, 119)
232 120 (100, 83, 115)
232 121 (108, 90, 120)
233 122 (99, 83, 115)
233 123 (104, 88, 120)
233 124 (108, 92, 124)
234 529 (37, 35, 51)
234 530 (33, 31, 47)
234 531 (35, 33, 47)
234 532 (32, 29, 43)
235 527 (45, 37, 56)
235 528 (43, 48, 63)
235 529 (48, 61, 72)
235 533 (45, 50, 61)
235 534 (48, 47, 59)
235 692 (65, 25, 38)
235 693 (70, 29, 43)
236 528 (68, 84, 95)
236 534 (63, 73, 84)
236 690 (56, 15, 30)
236 691 (73, 25, 39)
236 692 (91, 35, 49)
237 534 (67, 68, 79)
237 644 (158, 85, 81)
237 645 (161, 88, 82)
237 689 (57, 18, 30)
237 690 (80, 27, 41)
237 693 (110, 42, 55)
238 8 (99, 69, 93)
238 9 (108, 73, 93)
238 528 (74, 57, 74)
238 529 (64, 48, 63)
238 530 (48, 32, 46)
238 533 (75, 59, 74)
238 534 (62, 42, 58)
238 642 (165, 86, 84)
238 643 (187, 108, 103)
238 646 (206, 122, 117)
238 647 (173, 92, 90)
238 688 (55, 20, 33)
238 689 (74, 26, 36)
238 694 (83, 24, 34)
239 7 (102, 74, 98)
239 8 (120, 98, 115)
239 9 (124, 100, 113)
239 531 (58, 29, 45)
239 532 (74, 43, 59)
239 641 (168, 88, 84)
239 642 (189, 112, 103)
239 647 (192, 115, 106)
239 688 (72, 25, 34)
239 694 (75, 20, 30)
240 7 (117, 95, 112)
240 15 (86, 117, 128)
240 16 (88, 116, 132)
240 17 (79, 98, 116)
240 18 (74, 87, 102)
240 19 (83, 76, 92)
240 641 (177, 101, 93)
240 647 (192, 122, 111)
240 693 (85, 24, 38)
241 7 (125, 107, 117)
241 19 (111, 105, 118)
241 20 (129, 79, 99)
241 21 (125, 59, 83)
241 641 (184, 108, 98)
241 647 (179, 117, 105)
241 692 (88, 24, 38)
241 693 (72, 20, 35)
242 7 (134, 119, 125)
242 11 (230, 196, 192)
242 12 (188, 160, 159)
242 13 (157, 141, 142)
242 21 (168, 88, 118)
242 641 (186, 107, 102)
242 646 (190, 127, 115)
242 647 (163, 97, 88)
242 691 (88, 27, 38)
242 692 (72, 18, 32)
243 13 (177, 159, 155)
243 22 (149, 80, 109)
243 641 (176, 92, 91)
243 642 (208, 123, 118)
243 645 (186, 113, 104)
243 646 (157, 89, 82)
243 690 (79, 25, 37)
243 691 (66, 16, 30)
244 13 (204, 188, 178)
244 14 (184, 169, 164)
244 22 (134, 81, 106)
244 23 (105, 61, 87)
244 643 (172, 87, 88)
244 644 (168, 86, 85)
244 645 (160, 81, 80)
244 689 (78, 31, 43)
244 690 (61, 21, 32)
245 14 (205, 188, 177)
245 23 (94, 62, 85)
245 24 (84, 53, 75)
245 25 (80, 46, 71)
246 14 (222, 204, 191)
246 25 (115, 78, 105)
246 26 (87, 45, 72)
247 25 (199, 161, 190)
247 225 (82, 47, 129)
247 226 (80, 49, 126)
247 227 (80, 52, 126)
247 228 (79, 56, 123)
247 229 (77, 58, 121)
247 230 (87, 70, 132)
247 231 (104, 90, 153)
247 232 (109, 94, 161)
247 233 (84, 68, 135)
247 234 (74, 54, 127)
247 235 (80, 57, 138)
248 15 (190, 161, 157)
248 25 (121, 90, 118)
248 221 (70, 44, 123)
248 222 (77, 50, 128)
248 223 (82, 54, 130)
248 224 (86, 57, 128)
248 225 (92, 66, 132)
248 234 (118, 112, 175)
248 526 (181, 79, 88)
248 527 (193, 90, 95)
248 528 (186, 87, 88)
248 529 (199, 101, 98)
248 530 (211, 106, 107)
248 531 (204, 98, 101)
248 532 (183, 77, 82)
249 14 (208, 174, 169)
249 15 (177, 146, 147)
249 18 (88, 106, 118)
249 19 (74, 101, 116)
249 20 (73, 95, 114)
249 21 (78, 90, 113)
249 22 (81, 79, 105)
249 23 (75, 66, 92)
249 24 (64, 48, 74)
249 25 (66, 44, 69)
249 220 (80, 56, 135)
249 221 (94, 67, 146)
249 234 (135, 126, 192)
249 523 (172, 82, 91)
249 524 (183, 84, 90)
249 525 (185, 84, 87)
249 532 (204, 93, 96)
250 13 (212, 174, 172)
250 14 (187, 143, 147)
250 234 (100, 74, 153)
250 235 (92, 66, 147)
250 522 (170, 80, 89)
250 523 (193, 92, 99)
250 532 (216, 103, 104)
251 11 (222, 197, 191)
251 12 (191, 160, 160)
251 13 (180, 145, 152)
251 221 (90, 66, 144)
251 222 (92, 67, 146)
251 228 (108, 72, 149)
251 229 (106, 68, 147)
251 230 (98, 62, 141)
251 231 (93, 57, 137)
251 232 (90, 54, 138)
251 233 (86, 52, 137)
251 522 (198, 97, 106)
251 533 (194, 88, 94)
252 12 (160, 143, 148)
252 222 (72, 49, 128)
252 223 (77, 50, 128)
252 224 (81, 50, 127)
252 225 (82, 48, 126)
252 226 (80, 46, 124)
252 227 (79, 46, 125)
252 521 (173, 74, 87)
252 522 (211, 105, 114)
252 532 (192, 89, 92)
253 522 (207, 97, 105)
253 530 (196, 91, 92)
253 531 (186, 85, 89)
254 522 (195, 85, 96)
254 523 (215, 100, 107)
254 528 (203, 90, 93)
254 529 (193, 83, 90)
254 530 (179, 73, 82)
255 7 (100, 99, 120)
255 523 (185, 78, 88)
255 524 (187, 80, 88)
255 525 (189, 82, 87)
255 526 (190, 83, 86)
255 527 (177, 75, 79)
256 7 (84, 73, 100)
257 7 (73, 56, 88)
257 8 (80, 53, 83)
257 9 (89, 65, 91)
257 114 (55, 39, 87)
257 115 (68, 51, 103)
257 116 (63, 47, 98)
258 7 (61, 41, 73)
258 8 (73, 43, 76)
258 9 (78, 48, 79)
258 113 (57, 46, 92)
258 114 (76, 65, 113)
258 117 (81, 69, 122)
259 7 (56, 34, 67)
259 8 (71, 38, 73)
259 9 (72, 40, 70)
259 113 (65, 56, 101)
259 117 (65, 59, 107)
259 444 (99, 39, 88)
259 445 (90, 34, 81)
260 7 (58, 32, 69)
260 113 (84, 74, 121)
260 117 (61, 56, 103)
260 442 (103, 38, 90)
260 443 (129, 53, 102)
260 445 (118, 44, 91)
260 446 (100, 36, 86)
261 113 (85, 73, 121)
261 116 (88, 77, 126)
261 117 (54, 45, 91)
261 442 (112, 40, 91)
261 446 (114, 43, 93)
262 114 (67, 50, 99)
262 115 (67, 50, 100)
262 116 (60, 44, 94)
262 442 (113, 37, 91)
262 447 (89, 36, 87)
263 442 (105, 34, 87)
263 443 (123, 42, 95)
263 446 (109, 49, 99)
264 443 (104, 34, 91)
264 444 (112, 41, 96)
264 445 (106, 45, 98)
278 330 (140, 63, 158)
278 331 (153, 69, 163)
278 332 (161, 74, 162)
278 333 (161, 74, 160)
278 334 (149, 64, 148)
278 335 (132, 55, 141)
279 330 (176, 88, 182)
279 335 (172, 80, 165)
280 330 (196, 100, 194)
281 330 (176, 84, 177)
281 335 (196, 96, 186)
282 330 (144, 62, 160)
282 331 (158, 69, 166)
282 332 (174, 79, 175)
282 333 (177, 81, 173)
282 334 (167, 74, 162)
282 335 (155, 67, 160)
293 669 (93, 30, 42)
293 670 (105, 30, 38)
293 671 (101, 29, 38)
293 672 (84, 29, 43)
294 668 (87, 27, 40)
294 669 (125, 44, 53)
294 672 (109, 41, 54)
295 668 (102, 33, 46)
295 673 (73, 23, 40)
296 668 (101, 32, 45)
296 673 (74, 22, 39)
297 668 (90, 28, 42)
297 669 (131, 47, 57)
297 672 (103, 32, 45)
297 849 (48, 18, 33)
297 850 (66, 17, 31)
297 851 (81, 17, 34)
297 852 (103, 30, 46)
297 853 (101, 33, 52)
298 669 (101, 32, 45)
298 670 (113, 33, 42)
298 671 (128, 46, 57)
298 672 (104, 41, 56)
298 848 (45, 13, 27)
298 849 (67, 19, 28)
298 853 (123, 41, 54)
299 848 (66, 19, 29)
299 853 (105, 30, 38)
300 848 (86, 17, 31)
300 853 (66, 14, 25)
301 848 (115, 40, 54)
301 852 (72, 20, 33)
301 853 (47, 10, 26)
302 849 (87, 26, 37)
302 850 (73, 24, 41)
302 851 (63, 21, 40)
302 852 (48, 14, 37)
304 239 (154, 87, 165)
304 240 (158, 88, 163)
305 236 (150, 80, 162)
305 237 (163, 93, 169)
305 238 (178, 108, 177)
305 240 (198, 121, 191)
305 241 (192, 114, 188)
306 235 (154, 84, 163)
306 236 (181, 108, 178)
306 241 (204, 128, 207)
307 234 (153, 85, 167)
307 235 (185, 111, 183)
307 241 (193, 120, 201)
307 242 (155, 92, 177)
308 234 (176, 103, 179)
308 241 (159, 96, 181)
309 235 (211, 136, 204)
309 239 (176, 112, 169)
309 240 (152, 89, 164)
309 241 (134, 76, 164)
310 235 (187, 113, 190)
310 236 (187, 115, 190)
310 237 (178, 112, 184)
310 238 (162, 98, 170)
310 239 (142, 83, 157)
311 236 (152, 86, 171)
315 945 (50, 37, 47)
315 946 (53, 40, 51)
315 947 (42, 31, 44)
316 944 (70, 56, 66)
316 948 (40, 27, 41)
316 949 (34, 20, 34)
317 944 (65, 51, 60)
317 949 (36, 23, 37)
318 944 (43, 29, 37)
318 949 (46, 32, 44)
319 944 (40, 25, 35)
319 945 (45, 27, 35)
319 949 (53, 40, 51)
320 945 (45, 26, 39)
320 946 (48, 32, 44)
320 948 (97, 79, 95)
320 949 (67, 52, 68)
321 946 (38, 24, 38)
321 947 (41, 28, 41)
321 948 (47, 33, 48)
330 602 (66, 38, 56)
330 603 (70, 44, 61)
331 601 (81, 47, 64)
331 602 (102, 66, 84)
331 604 (93, 64, 83)
331 605 (89, 65, 84)
332 600 (81, 47, 66)
332 605 (115, 87, 105)
333 600 (93, 58, 75)
333 605 (111, 81, 98)
334 600 (97, 59, 75)
334 601 (124, 79, 94)
334 604 (105, 66, 80)
334 605 (78, 49, 63)
335 601 (82, 45, 61)
335 602 (81, 44, 58)
335 603 (86, 48, 64)
335 604 (78, 46, 62)
337 882 (168, 113, 111)
337 883 (180, 121, 119)
337 884 (185, 124, 118)
337 885 (180, 121, 113)
337 886 (171, 115, 106)
337 887 (157, 104, 96)
338 880 (158, 108, 107)
338 881 (177, 127, 122)
338 882 (192, 141, 134)
338 887 (179, 133, 122)
338 888 (165, 121, 112)
339 879 (163, 111, 109)
339 880 (177, 132, 123)
339 888 (184, 142, 130)
339 889 (160, 120, 112)
340 466 (98, 56, 111)
340 467 (109, 65, 118)
340 468 (106, 66, 118)
340 469 (98, 60, 110)
340 879 (175, 123, 117)
340 889 (171, 134, 123)
341 465 (96, 54, 112)
341 466 (116, 73, 128)
341 469 (124, 82, 134)
341 470 (104, 67, 120)
341 879 (188, 136, 125)
341 889 (183, 141, 129)
342 465 (98, 59, 120)
342 470 (100, 64, 116)
342 878 (183, 125, 118)
342 889 (183, 139, 130)
343 465 (100, 62, 125)
343 470 (99, 63, 115)
343 878 (186, 126, 118)
343 889 (184, 134, 126)
344 466 (105, 67, 128)
344 467 (120, 81, 139)
344 469 (107, 70, 121)
344 878 (183, 122, 116)
344 879 (199, 143, 131)
344 888 (194, 144, 133)
344 889 (179, 123, 120)
345 467 (96, 60, 118)
345 468 (99, 62, 117)
345 879 (188, 132, 123)
345 887 (192, 146, 134)
345 888 (182, 126, 120)
346 879 (169, 113, 110)
346 880 (186, 136, 126)
346 886 (184, 138, 127)
346 887 (173, 122, 117)
347 880 (159, 110, 106)
347 881 (172, 126, 118)
347 882 (179, 134, 125)
347 883 (184, 137, 131)
347 884 (183, 136, 130)
347 885 (172, 125, 120)
347 886 (161, 112, 109)
364 579 (83, 65, 89)
364 580 (80, 62, 83)
364 581 (97, 78, 100)
364 582 (103, 86, 110)
365 578 (87, 69, 92)
365 579 (114, 95, 118)
365 583 (106, 89, 112)
366 577 (98, 79, 105)
366 578 (112, 93, 116)
366 583 (121, 104, 128)
367 577 (97, 77, 103)
367 583 (92, 76, 99)
368 577 (94, 75, 100)
368 578 (99, 83, 108)
368 583 (92, 74, 101)
369 578 (90, 73, 99)
369 579 (94, 77, 106)
369 581 (116, 101, 131)
369 582 (84, 68, 96)
370 350 (174, 120, 199)
370 351 (175, 121, 200)
370 352 (173, 119, 198)
370 353 (175, 117, 199)
370 354 (178, 120, 206)
370 355 (182, 121, 210)
370 580 (87, 71, 101)
370 581 (82, 66, 96)
371 348 (181, 123, 198)
371 349 (186, 128, 199)
371 355 (191, 131, 219)
372 346 (177, 119, 201)
372 347 (184, 126, 201)
372 348 (197, 138, 206)
372 356 (185, 125, 217)
373 345 (182, 121, 210)
373 346 (193, 133, 214)
373 356 (180, 121, 212)
374 344 (176, 115, 209)
374 354 (184, 129, 206)
374 355 (176, 122, 204)
375 345 (197, 134, 223)
375 352 (187, 134, 205)
375 353 (178, 126, 202)
375 354 (170, 116, 197)
376 346 (180, 122, 206)
376 347 (176, 118, 200)
376 348 (183, 124, 204)
376 349 (185, 127, 204)
376 350 (179, 125, 199)
376 351 (177, 124, 198)
376 352 (171, 117, 196)
386 840 (45, 35, 51)
386 841 (50, 42, 60)
386 842 (48, 40, 58)
386 843 (43, 40, 58)
386 844 (41, 40, 57)
386 845 (39, 37, 55)
386 846 (35, 35, 53)
386 847 (33, 32, 47)
386 848 (44, 42, 58)
386 849 (44, 42, 58)
386 850 (46, 45, 61)
386 851 (46, 47, 62)
386 852 (42, 43, 56)
387 836 (44, 36, 51)
387 837 (42, 38, 51)
387 838 (47, 46, 59)
387 839 (49, 48, 60)
387 853 (49, 55, 68)
387 854 (45, 50, 63)
387 855 (45, 49, 62)
387 856 (38, 38, 52)
388 834 (39, 32, 51)
388 835 (42, 40, 56)
388 836 (53, 60, 70)
388 857 (44, 48, 61)
388 858 (44, 44, 58)
388 859 (44, 44, 60)
388 860 (43, 41, 57)
388 861 (43, 41, 57)
388 862 (42, 40, 56)
388 863 (35, 33, 49)
389 834 (43, 46, 61)
389 844 (59, 70, 83)
389 863 (44, 45, 60)
389 864 (40, 38, 54)
389 865 (37, 35, 51)
390 833 (22, 40, 56)
390 834 (46, 65, 79)
390 842 (52, 71, 82)
390 843 (51, 63, 75)
390 865 (41, 42, 57)
390 866 (39, 39, 54)
390 867 (39, 37, 53)
391 833 (18, 44, 57)
391 839 (39, 60, 67)
391 840 (40, 55, 63)
391 841 (46, 59, 68)
391 867 (45, 46, 61)
391 868 (34, 35, 50)
391 869 (31, 32, 47)
392 833 (29, 47, 62)
392 834 (66, 81, 97)
392 836 (53, 66, 77)
392 837 (46, 56, 68)
392 838 (45, 51, 63)
392 869 (46, 47, 60)
392 870 (34, 35, 50)
392 871 (44, 43, 59)
393 618 (81, 52, 88)
393 619 (97, 64, 99)
393 620 (129, 86, 122)
393 621 (120, 74, 106)
393 622 (103, 55, 86)
393 834 (58, 63, 82)
393 835 (54, 60, 77)
393 871 (41, 42, 57)
393 872 (41, 39, 55)
393 873 (40, 36, 53)
393 874 (40, 32, 49)
393 875 (39, 30, 49)
394 617 (77, 50, 85)
394 618 (103, 73, 109)
394 623 (111, 55, 86)
394 624 (105, 49, 83)
394 874 (44, 36, 54)
394 875 (42, 33, 50)
394 876 (38, 29, 48)
395 617 (99, 67, 105)
395 624 (140, 70, 102)
395 625 (111, 47, 82)
395 876 (40, 33, 52)
395 877 (39, 30, 49)
395 878 (36, 28, 46)
396 618 (118, 84, 121)
396 625 (148, 65, 99)
396 626 (121, 51, 87)
396 863 (62, 61, 73)
396 864 (58, 59, 68)
396 878 (37, 31, 47)
396 879 (34, 25, 44)
397 618 (75, 45, 79)
397 619 (113, 72, 104)
397 626 (150, 64, 101)
397 627 (123, 55, 94)
397 864 (60, 61, 70)
397 865 (61, 62, 71)
397 866 (64, 66, 76)
397 879 (36, 30, 46)
397 880 (37, 28, 47)
398 619 (84, 43, 78)
398 620 (116, 61, 97)
398 627 (129, 55, 92)
398 628 (115, 57, 101)
398 629 (89, 48, 93)
398 867 (68, 66, 76)
398 868 (60, 59, 70)
398 880 (44, 33, 54)
398 881 (36, 28, 46)
399 620 (96, 48, 86)
399 621 (119, 63, 99)
399 629 (105, 61, 103)
399 630 (83, 49, 93)
399 869 (62, 64, 75)
399 881 (38, 31, 50)
400 621 (102, 59, 101)
400 622 (119, 72, 114)
400 630 (104, 61, 101)
400 631 (77, 42, 82)
400 870 (68, 69, 80)
400 881 (36, 34, 50)
400 882 (34, 31, 47)
401 622 (87, 52, 94)
401 623 (102, 64, 105)
401 631 (87, 47, 88)
401 871 (58, 57, 68)
401 882 (32, 31, 46)
401 883 (27, 26, 41)
402 251 (100, 79, 169)
402 252 (105, 87, 175)
402 623 (82, 48, 89)
402 624 (87, 51, 89)
402 625 (112, 70, 107)
402 631 (95, 58, 100)
402 872 (58, 57, 68)
402 873 (49, 46, 58)
402 883 (44, 39, 56)
402 884 (40, 33, 52)
403 251 (102, 82, 171)
403 254 (117, 94, 179)
403 625 (78, 44, 82)
403 626 (88, 52, 92)
403 627 (91, 54, 94)
403 630 (119, 81, 128)
403 631 (86, 51, 95)
403 873 (81, 80, 92)
403 874 (55, 51, 62)
403 884 (36, 33, 51)
404 251 (110, 91, 177)
404 254 (117, 95, 177)
404 628 (81, 47, 91)
404 629 (86, 52, 96)
404 630 (75, 44, 89)
404 874 (83, 76, 89)
404 884 (40, 36, 55)
405 250 (100, 80, 162)
405 254 (111, 92, 172)
405 874 (69, 66, 76)
405 884 (37, 35, 53)
406 250 (105, 86, 165)
406 254 (108, 91, 167)
406 837 (44, 50, 63)
406 838 (49, 59, 69)
406 874 (70, 67, 77)
406 884 (43, 41, 57)
407 250 (109, 97, 169)
407 254 (109, 91, 166)
407 837 (38, 54, 64)
407 838 (48, 63, 72)
407 839 (63, 78, 88)
407 840 (63, 78, 88)
407 874 (72, 69, 77)
407 875 (59, 52, 62)
407 884 (44, 43, 59)
408 249 (105, 83, 158)
408 250 (124, 111, 179)
408 254 (113, 95, 168)
408 836 (38, 52, 65)
408 837 (38, 61, 70)
408 840 (69, 97, 105)
408 841 (64, 84, 92)
408 875 (63, 61, 71)
408 884 (43, 41, 57)
408 885 (44, 43, 59)
409 249 (111, 91, 162)
409 254 (113, 95, 166)
409 836 (31, 49, 60)
409 841 (66, 89, 97)
409 858 (176, 138, 130)
409 859 (189, 151, 140)
409 860 (194, 156, 145)
409 861 (194, 156, 143)
409 862 (193, 156, 141)
409 863 (189, 147, 135)
409 875 (66, 65, 73)
409 885 (45, 44, 60)
410 249 (120, 101, 169)
410 254 (114, 96, 169)
410 836 (38, 61, 72)
410 841 (58, 80, 89)
410 858 (188, 150, 139)
410 863 (204, 170, 151)
410 864 (198, 154, 141)
410 876 (63, 62, 74)
410 885 (42, 40, 56)
410 886 (37, 35, 53)
411 249 (129, 110, 174)
411 254 (116, 95, 171)
411 835 (36, 42, 56)
411 841 (52, 72, 80)
411 857 (181, 142, 134)
411 864 (213, 175, 157)
411 865 (194, 157, 142)
411 877 (60, 56, 68)
411 886 (40, 39, 56)
412 248 (113, 87, 159)
412 249 (138, 120, 182)
412 253 (125, 119, 183)
412 836 (66, 80, 94)
412 841 (58, 64, 77)
412 857 (186, 148, 137)
412 865 (206, 174, 155)
412 866 (183, 152, 137)
412 877 (67, 63, 75)
412 878 (62, 55, 69)
412 886 (40, 41, 56)
412 887 (35, 36, 51)
413 248 (113, 90, 162)
413 253 (118, 112, 175)
413 836 (45, 57, 71)
413 840 (70, 76, 90)
413 845 (63, 53, 68)
413 846 (62, 56, 68)
413 857 (187, 149, 138)
413 866 (194, 165, 148)
413 878 (67, 66, 77)
413 887 (40, 40, 55)
413 888 (40, 39, 56)
414 248 (119, 96, 168)
414 253 (109, 102, 167)
414 836 (38, 44, 58)
414 837 (59, 71, 85)
414 838 (67, 73, 87)
414 839 (57, 57, 71)
414 846 (66, 60, 73)
414 857 (192, 150, 138)
414 867 (186, 148, 137)
414 879 (55, 55, 67)
414 888 (44, 44, 61)
415 248 (124, 102, 173)
415 253 (107, 93, 162)
415 837 (41, 44, 60)
415 846 (68, 60, 73)
415 857 (187, 145, 133)
415 858 (203, 169, 150)
415 867 (188, 150, 137)
415 879 (55, 56, 66)
415 888 (46, 50, 68)
415 889 (33, 33, 50)
416 248 (119, 107, 171)
416 252 (119, 105, 174)
416 847 (76, 63, 77)
416 858 (198, 162, 148)
416 867 (190, 155, 140)
416 879 (56, 57, 67)
416 889 (26, 32, 47)
417 248 (127, 114, 180)
417 252 (115, 95, 168)
417 847 (72, 57, 72)
417 858 (185, 150, 136)
417 859 (201, 170, 154)
417 867 (182, 151, 135)
417 879 (63, 65, 75)
417 889 (28, 38, 52)
418 248 (135, 119, 191)
418 251 (122, 107, 177)
418 252 (103, 83, 160)
418 848 (74, 64, 78)
418 859 (193, 151, 139)
418 860 (207, 170, 154)
418 866 (197, 161, 146)
418 867 (178, 143, 131)
418 880 (59, 48, 63)
418 889 (32, 41, 57)
419 248 (133, 113, 188)
419 250 (128, 113, 185)
419 251 (106, 87, 160)
419 848 (68, 56, 70)
419 860 (191, 149, 137)
419 861 (201, 163, 148)
419 865 (198, 162, 147)
419 866 (185, 150, 136)
419 880 (55, 47, 61)
419 890 (37, 43, 59)
420 849 (73, 60, 75)
420 862 (186, 151, 137)
420 863 (189, 154, 140)
420 864 (186, 151, 139)
420 880 (59, 51, 65)
420 890 (39, 45, 61)
421 850 (71, 63, 74)
421 880 (62, 55, 69)
421 891 (36, 40, 56)
422 850 (68, 59, 71)
422 851 (79, 73, 84)
422 880 (54, 46, 62)
422 891 (38, 41, 58)
423 851 (64, 55, 66)
423 852 (76, 69, 78)
423 880 (58, 50, 63)
423 891 (39, 39, 56)
424 852 (68, 56, 68)
424 853 (75, 65, 75)
424 879 (59, 58, 70)
424 880 (53, 44, 60)
424 891 (54, 51, 71)
425 853 (67, 55, 67)
425 854 (84, 71, 84)
425 879 (55, 54, 65)
425 890 (48, 46, 66)
425 891 (46, 43, 62)
426 854 (74, 61, 75)
426 855 (85, 75, 88)
426 879 (54, 50, 63)
426 889 (42, 38, 56)
426 890 (38, 34, 54)
427 855 (66, 58, 71)
427 856 (79, 73, 84)
427 878 (52, 51, 62)
427 889 (40, 36, 55)
428 856 (67, 59, 72)
428 857 (74, 67, 78)
428 878 (52, 51, 62)
428 888 (43, 39, 57)
428 889 (41, 37, 55)
429 857 (68, 60, 73)
429 858 (77, 70, 81)
429 877 (61, 62, 75)
429 878 (52, 51, 62)
429 888 (40, 39, 56)
430 858 (72, 59, 71)
430 859 (68, 59, 71)
430 860 (73, 73, 80)
430 877 (54, 54, 66)
430 878 (53, 51, 65)
430 887 (49, 48, 66)
430 888 (40, 39, 56)
431 860 (61, 59, 68)
431 861 (68, 74, 82)
431 887 (43, 41, 59)
432 862 (60, 57, 69)
432 863 (66, 65, 76)
432 864 (65, 66, 77)
432 885 (50, 48, 64)
432 886 (47, 44, 62)
433 865 (61, 62, 75)
433 866 (64, 65, 77)
433 884 (46, 44, 60)
433 885 (44, 39, 56)
434 867 (61, 58, 73)
434 868 (70, 66, 81)
434 869 (64, 61, 76)
434 870 (60, 57, 72)
434 871 (62, 61, 76)
434 872 (64, 62, 77)
434 882 (46, 50, 65)
434 883 (44, 45, 60)
434 884 (41, 40, 57)
435 873 (49, 47, 62)
435 874 (50, 48, 63)
435 875 (50, 48, 63)
435 876 (49, 47, 62)
435 877 (50, 50, 63)
435 878 (51, 52, 65)
435 879 (48, 53, 65)
435 880 (48, 52, 67)
435 881 (46, 49, 64)
469 760 (56, 46, 72)
469 761 (51, 42, 69)
470 758 (50, 41, 66)
470 759 (70, 60, 84)
470 762 (57, 44, 74)
471 758 (70, 60, 86)
471 762 (81, 67, 99)
472 758 (69, 56, 82)
472 762 (69, 55, 87)
473 758 (48, 35, 62)
473 759 (77, 63, 90)
473 761 (91, 76, 104)
473 762 (49, 36, 66)
474 759 (53, 40, 68)
474 760 (57, 44, 72)
474 761 (49, 37, 66)
503 775 (45, 32, 63)
503 776 (50, 37, 70)
503 777 (45, 34, 66)
503 778 (39, 30, 61)
503 779 (37, 28, 59)
504 774 (40, 26, 56)
504 779 (40, 32, 62)
505 774 (46, 34, 62)
505 779 (62, 57, 90)
506 773 (47, 31, 59)
506 779 (60, 55, 89)
507 773 (56, 40, 64)
507 778 (42, 34, 65)
507 779 (42, 33, 66)
508 772 (60, 38, 66)
508 773 (67, 47, 73)
508 777 (39, 30, 59)
508 778 (33, 24, 57)
509 771 (61, 35, 66)
509 772 (79, 52, 80)
509 775 (116, 96, 125)
509 776 (54, 40, 68)
509 777 (39, 27, 57)
510 771 (79, 49, 80)
510 776 (48, 33, 61)
511 770 (70, 38, 70)
511 771 (99, 64, 92)
511 776 (46, 31, 58)
512 770 (84, 44, 72)
512 775 (73, 52, 77)
512 776 (46, 30, 57)
513 770 (99, 55, 83)
513 775 (111, 88, 117)
514 771 (123, 81, 110)
514 773 (80, 51, 77)
514 774 (75, 52, 77)
514 775 (66, 46, 74)
515 772 (69, 39, 65)
515 773 (63, 36, 61)
546 19 (81, 31, 114)
546 20 (102, 38, 120)
546 21 (127, 55, 140)
546 22 (134, 63, 153)
546 23 (118, 56, 151)
547 19 (93, 33, 112)
547 23 (108, 51, 142)
548 18 (84, 31, 114)
548 19 (118, 41, 120)
548 23 (91, 40, 129)
549 18 (98, 36, 122)
549 23 (77, 37, 124)
549 928 (34, 25, 51)
549 929 (30, 22, 48)
550 19 (145, 63, 153)
550 22 (88, 37, 122)
550 23 (70, 36, 124)
550 929 (49, 34, 60)
550 930 (32, 25, 50)
551 20 (108, 40, 129)
551 21 (92, 35, 121)
551 926 (37, 26, 54)
551 931 (35, 27, 48)
552 926 (34, 22, 50)
552 927 (41, 27, 54)
552 932 (48, 31, 54)
553 927 (41, 27, 54)
553 933 (42, 15, 40)
554 927 (39, 25, 52)
554 933 (70, 31, 54)
554 934 (53, 26, 47)
555 928 (47, 32, 56)
555 934 (78, 35, 57)
555 935 (52, 23, 43)
556 929 (45, 29, 53)
556 935 (93, 44, 65)
556 936 (66, 31, 50)
557 930 (60, 28, 54)
557 936 (97, 43, 66)
557 937 (71, 34, 57)
558 931 (68, 24, 48)
558 937 (100, 46, 71)
558 938 (62, 33, 56)
559 932 (80, 25, 47)
559 938 (88, 39, 60)
559 939 (55, 28, 50)
560 932 (60, 26, 47)
560 933 (88, 31, 53)
560 939 (85, 29, 50)
560 940 (55, 26, 48)
561 933 (66, 25, 45)
561 934 (115, 41, 60)
561 940 (80, 34, 57)
561 941 (53, 28, 52)
562 934 (77, 28, 46)
562 935 (121, 44, 65)
562 941 (61, 25, 46)
562 942 (40, 21, 46)
563 935 (79, 28, 51)
563 936 (118, 42, 65)
563 942 (54, 33, 54)
563 943 (36, 24, 47)
564 936 (72, 24, 51)
564 937 (108, 37, 66)
564 943 (50, 33, 55)
565 937 (72, 25, 52)
565 938 (102, 33, 59)
565 944 (44, 25, 49)
566 938 (63, 21, 45)
566 939 (86, 31, 56)
566 944 (52, 31, 56)
567 939 (62, 27, 51)
567 940 (72, 26, 50)
567 945 (44, 28, 54)
568 940 (50, 17, 45)
568 941 (71, 31, 59)
568 945 (51, 34, 61)
569 941 (51, 21, 52)
569 942 (67, 31, 61)
569 944 (56, 34, 61)
570 942 (39, 12, 46)
570 943 (46, 22, 51)
573 850 (86, 63, 80)
573 851 (92, 65, 83)
574 848 (84, 63, 81)
574 849 (117, 92, 110)
574 850 (117, 90, 106)
574 852 (104, 75, 90)
574 853 (106, 75, 90)
574 854 (114, 82, 97)
574 855 (115, 84, 99)
574 856 (110, 83, 99)
574 857 (83, 60, 77)
574 858 (76, 56, 73)
574 859 (75, 58, 76)
574 860 (77, 62, 84)
574 861 (64, 49, 72)
575 847 (85, 64, 84)
575 848 (113, 91, 106)
575 861 (73, 60, 81)
576 846 (82, 61, 81)
576 847 (113, 91, 108)
576 861 (76, 65, 87)
577 846 (93, 72, 89)
577 861 (80, 70, 91)
578 860 (91, 79, 102)
578 861 (73, 62, 85)
579 848 (92, 69, 84)
579 849 (110, 82, 96)
579 856 (106, 79, 91)
579 857 (108, 85, 101)
579 858 (91, 75, 93)
579 859 (77, 67, 86)
579 860 (73, 62, 85)
580 849 (76, 50, 67)
580 850 (114, 85, 101)
580 851 (118, 86, 101)
580 852 (111, 76, 90)
580 853 (127, 91, 105)
580 854 (114, 78, 94)
580 855 (100, 72, 86)
580 856 (95, 73, 87)
586 691 (127, 58, 109)
586 692 (144, 66, 114)
586 693 (167, 82, 131)
586 694 (149, 70, 117)
586 695 (122, 54, 100)
587 691 (140, 67, 116)
587 695 (155, 76, 123)
588 691 (142, 69, 118)
588 696 (124, 58, 106)
589 691 (133, 64, 114)
589 695 (145, 68, 114)
590 691 (117, 58, 109)
590 692 (135, 64, 111)
590 693 (155, 76, 121)
590 694 (144, 67, 113)
590 695 (125, 57, 103)
607 191 (108, 80, 172)
607 192 (132, 95, 178)
607 193 (151, 109, 189)
607 194 (124, 87, 173)
607 195 (103, 71, 159)
608 191 (123, 99, 181)
608 195 (130, 107, 179)
609 191 (145, 121, 198)
609 196 (120, 98, 176)
610 191 (141, 113, 195)
610 196 (118, 95, 178)
611 191 (115, 89, 172)
611 195 (123, 96, 174)
612 191 (111, 79, 168)
612 192 (137, 103, 179)
612 193 (142, 112, 186)
612 194 (121, 93, 173)
612 195 (99, 73, 158)
626 789 (93, 82, 106)
626 790 (90, 78, 102)
626 791 (88, 73, 97)
626 792 (63, 49, 76)
627 788 (82, 68, 92)
627 789 (127, 116, 138)
627 792 (88, 77, 100)
627 793 (60, 46, 72)
628 788 (83, 70, 91)
628 793 (84, 71, 92)
629 788 (68, 56, 77)
629 793 (115, 101, 123)
630 788 (62, 48, 70)
630 789 (97, 87, 107)
630 793 (114, 100, 124)
631 139 (63, 43, 128)
631 140 (74, 52, 134)
631 141 (82, 62, 147)
631 142 (78, 60, 154)
631 789 (77, 66, 88)
631 790 (105, 94, 115)
631 793 (93, 77, 101)
632 138 (59, 43, 126)
632 139 (94, 73, 155)
632 142 (132, 108, 195)
632 143 (78, 59, 150)
632 790 (75, 59, 84)
632 791 (93, 76, 103)
632 792 (101, 83, 113)
633 138 (77, 57, 142)
633 143 (84, 64, 150)
634 138 (81, 62, 151)
634 142 (84, 64, 143)
634 143 (69, 48, 132)
635 138 (65, 49, 140)
635 139 (91, 71, 161)
635 140 (95, 74, 161)
635 141 (83, 61, 144)
635 142 (72, 51, 135)
660 673 (133, 101, 154)
660 674 (143, 114, 166)
660 675 (126, 100, 151)
660 676 (105, 80, 129)
661 673 (142, 113, 165)
661 676 (127, 105, 149)
661 677 (103, 82, 126)
662 659 (152, 100, 156)
662 660 (134, 85, 136)
662 661 (128, 79, 132)
662 662 (120, 73, 127)
662 672 (107, 79, 134)
662 673 (135, 107, 157)
662 677 (129, 108, 149)
662 678 (96, 76, 119)
663 22 (73, 37, 119)
663 23 (67, 33, 113)
663 658 (154, 103, 161)
663 662 (136, 87, 135)
663 663 (119, 73, 123)
663 673 (120, 93, 141)
663 678 (114, 93, 136)
664 20 (73, 35, 108)
664 21 (83, 40, 110)
664 24 (109, 64, 142)
664 658 (145, 95, 154)
664 663 (135, 86, 130)
664 664 (119, 74, 125)
664 673 (108, 80, 128)
664 674 (132, 106, 153)
664 679 (101, 77, 125)
665 20 (85, 40, 109)
665 25 (92, 51, 131)
665 658 (128, 81, 139)
665 664 (128, 82, 131)
665 674 (111, 83, 129)
665 675 (132, 106, 152)
665 678 (146, 120, 167)
665 679 (112, 87, 136)
666 20 (116, 65, 138)
666 25 (74, 39, 118)
666 658 (119, 73, 132)
666 659 (131, 82, 133)
666 665 (125, 84, 140)
666 675 (105, 78, 125)
666 676 (116, 92, 137)
666 677 (136, 110, 157)
666 678 (137, 109, 161)
667 20 (109, 60, 133)
667 24 (81, 42, 119)
667 659 (119, 74, 127)
667 660 (129, 81, 126)
667 665 (136, 94, 148)
668 21 (81, 40, 116)
668 22 (80, 41, 118)
668 23 (67, 34, 111)
668 660 (121, 76, 130)
668 661 (129, 80, 131)
668 662 (140, 91, 141)
668 663 (155, 104, 157)
668 664 (159, 110, 165)
672 39 (56, 49, 129)
672 40 (65, 56, 136)
672 41 (75, 65, 146)
672 42 (61, 51, 131)
673 38 (49, 43, 122)
673 39 (69, 63, 144)
673 42 (86, 79, 158)
673 43 (66, 57, 138)
673 44 (58, 49, 134)
674 38 (77, 66, 154)
674 44 (56, 49, 129)
674 45 (54, 46, 132)
674 662 (110, 77, 134)
674 663 (126, 92, 149)
674 664 (134, 100, 157)
674 665 (125, 91, 148)
675 38 (68, 57, 146)
675 45 (55, 52, 137)
675 46 (47, 42, 128)
675 662 (124, 90, 144)
675 666 (122, 91, 146)
676 38 (45, 37, 121)
676 39 (67, 58, 144)
676 46 (43, 44, 126)
676 662 (135, 100, 154)
676 666 (134, 100, 155)
677 39 (55, 46, 131)
677 40 (92, 84, 173)
677 47 (56, 53, 141)
677 662 (124, 90, 142)
677 666 (126, 92, 146)
678 40 (65, 56, 144)
678 41 (43, 41, 121)
678 42 (48, 47, 126)
678 47 (63, 58, 148)
678 662 (108, 78, 130)
678 663 (120, 89, 140)
678 664 (129, 95, 147)
678 665 (122, 89, 143)
678 666 (108, 76, 130)
679 43 (40, 38, 117)
679 44 (54, 52, 134)
679 45 (64, 61, 146)
679 46 (59, 55, 142)
682 805 (143, 55, 87)
682 806 (137, 50, 81)
683 803 (110, 41, 71)
683 804 (136, 46, 76)
683 807 (129, 44, 74)
684 803 (123, 46, 76)
684 808 (111, 42, 73)
685 747 (86, 59, 96)
685 748 (104, 77, 117)
685 750 (92, 66, 102)
685 803 (127, 48, 77)
685 808 (108, 37, 67)
685 892 (94, 90, 109)
685 893 (73, 70, 85)
686 746 (81, 53, 93)
686 747 (95, 66, 105)
686 750 (97, 72, 108)
686 803 (117, 40, 68)
686 804 (159, 55, 81)
686 807 (143, 45, 72)
686 890 (88, 88, 108)
686 891 (118, 118, 134)
686 893 (117, 118, 130)
686 894 (81, 82, 91)
687 746 (81, 57, 92)
687 750 (93, 70, 104)
687 751 (79, 55, 90)
687 804 (124, 37, 66)
687 805 (152, 54, 82)
687 806 (147, 50, 78)
687 807 (120, 37, 66)
687 890 (110, 115, 130)
687 894 (134, 139, 144)
687 895 (76, 81, 92)
688 746 (79, 61, 93)
688 751 (79, 57, 94)
688 890 (128, 134, 143)
688 895 (89, 96, 107)
689 746 (81, 63, 93)
689 750 (92, 75, 108)
689 890 (87, 88, 98)
689 894 (119, 127, 131)
689 895 (66, 73, 84)
690 746 (93, 69, 105)
690 749 (100, 80, 116)
690 750 (80, 61, 94)
690 890 (70, 68, 81)
690 891 (116, 114, 127)
690 893 (116, 120, 132)
690 894 (71, 75, 86)
691 746 (103, 76, 116)
691 747 (130, 105, 145)
691 748 (107, 83, 122)
691 749 (85, 62, 99)
691 892 (93, 91, 110)
695 931 (38, 35, 58)
695 932 (39, 36, 55)
695 933 (49, 48, 66)
695 934 (58, 54, 74)
696 930 (42, 40, 62)
696 931 (55, 54, 72)
696 934 (138, 135, 153)
696 935 (62, 58, 77)
697 930 (52, 49, 72)
697 935 (53, 51, 67)
698 930 (73, 70, 91)
698 935 (50, 46, 65)
699 930 (82, 78, 99)
699 934 (57, 54, 69)
699 935 (30, 27, 45)
700 930 (59, 50, 74)
700 931 (79, 75, 96)
700 932 (71, 67, 87)
700 933 (43, 40, 58)
700 934 (30, 27, 45)
702 188 (138, 139, 197)
702 189 (148, 153, 205)
702 190 (144, 152, 201)
702 191 (137, 140, 196)
702 192 (126, 120, 191)
703 186 (154, 147, 203)
703 187 (159, 160, 208)
703 188 (169, 174, 212)
703 192 (165, 169, 223)
703 193 (134, 134, 198)
703 194 (112, 112, 180)
703 239 (91, 64, 170)
703 240 (106, 79, 180)
703 241 (93, 70, 166)
703 242 (91, 68, 169)
704 184 (145, 141, 194)
704 185 (172, 174, 216)
704 194 (131, 144, 191)
704 195 (126, 140, 197)
704 239 (107, 80, 181)
704 242 (100, 88, 172)
704 243 (77, 66, 154)
705 183 (144, 141, 195)
705 184 (175, 177, 217)
705 194 (151, 178, 213)
705 195 (131, 158, 202)
705 199 (99, 105, 187)
705 200 (95, 98, 179)
705 201 (94, 91, 173)
705 202 (92, 81, 165)
705 239 (113, 87, 187)
705 243 (92, 81, 166)
706 183 (173, 168, 215)
706 194 (154, 182, 213)
706 201 (110, 104, 183)
706 239 (101, 75, 176)
706 243 (106, 86, 181)
707 183 (187, 182, 223)
707 194 (162, 189, 218)
707 239 (85, 58, 160)
707 240 (91, 71, 161)
707 242 (119, 96, 197)
707 243 (94, 70, 172)
708 182 (154, 142, 194)
708 241 (83, 60, 157)
709 182 (153, 138, 191)
709 195 (150, 163, 204)
709 200 (107, 95, 175)
709 201 (99, 85, 169)
710 182 (157, 141, 199)
710 195 (160, 168, 215)
710 196 (143, 146, 208)
710 199 (108, 93, 181)
711 183 (172, 159, 211)
711 194 (176, 180, 224)
711 195 (152, 152, 209)
711 196 (120, 115, 185)
712 183 (142, 130, 194)
712 184 (156, 147, 202)
712 185 (166, 158, 204)
712 193 (155, 152, 200)
712 194 (135, 130, 189)
713 185 (140, 130, 195)
713 186 (148, 140, 198)
713 187 (153, 147, 201)
713 188 (154, 148, 199)
713 189 (153, 147, 196)
713 190 (150, 144, 193)
713 191 (146, 141, 194)
713 192 (132, 124, 182)
726 955 (30, 27, 55)
726 956 (32, 30, 57)
726 957 (32, 29, 57)
726 958 (32, 29, 57)
727 953 (33, 31, 59)
727 954 (31, 28, 56)
727 955 (33, 33, 60)
727 959 (35, 34, 62)
727 960 (37, 35, 62)
727 961 (33, 31, 57)
728 954 (38, 37, 64)
728 962 (44, 44, 71)
728 963 (39, 39, 65)
728 964 (31, 30, 56)
729 965 (41, 41, 65)
729 966 (34, 33, 59)
729 967 (33, 30, 56)
730 966 (57, 55, 77)
730 967 (47, 43, 65)
733 967 (85, 86, 95)
734 965 (121, 120, 128)
735 964 (125, 126, 134)
736 963 (100, 99, 109)
736 964 (135, 137, 139)
737 963 (86, 86, 93)
738 964 (113, 112, 117)
739 964 (87, 84, 90)
740 964 (80, 74, 85)
740 965 (101, 92, 98)
741 965 (81, 72, 84)
741 966 (110, 96, 104)
763 839 (86, 89, 116)
764 836 (72, 81, 104)
764 839 (82, 92, 113)
764 840 (69, 73, 98)
765 836 (80, 92, 113)
765 838 (100, 123, 139)
765 840 (76, 82, 104)
766 836 (86, 101, 120)
766 840 (87, 97, 119)
766 841 (72, 71, 97)
767 835 (76, 80, 104)
767 836 (99, 115, 132)
767 841 (75, 81, 103)
768 836 (94, 105, 121)
768 841 (85, 98, 116)
769 836 (91, 98, 112)
769 841 (90, 106, 121)
770 836 (80, 84, 101)
770 841 (94, 107, 125)
771 327 (120, 84, 195)
771 328 (115, 81, 186)
771 836 (74, 73, 92)
771 837 (96, 107, 121)
771 841 (88, 98, 118)
772 326 (124, 84, 190)
772 327 (148, 109, 213)
772 329 (139, 103, 205)
772 330 (116, 83, 189)
772 837 (82, 86, 105)
772 838 (104, 118, 134)
772 839 (111, 127, 145)
772 840 (97, 110, 128)
772 841 (82, 88, 112)
773 326 (120, 84, 181)
773 330 (133, 98, 203)
773 331 (110, 78, 189)
773 838 (81, 86, 106)
774 325 (108, 70, 173)
774 331 (112, 80, 191)
775 325 (124, 84, 188)
775 331 (103, 72, 182)
776 325 (121, 84, 188)
776 330 (137, 99, 205)
777 325 (123, 86, 190)
777 329 (135, 97, 191)
777 330 (110, 75, 178)
778 325 (122, 85, 194)
778 329 (117, 78, 177)
779 325 (112, 78, 187)
779 326 (148, 109, 216)
779 327 (152, 112, 220)
779 328 (127, 87, 190)
811 592 (103, 78, 133)
811 593 (106, 85, 136)
811 594 (113, 91, 145)
811 595 (106, 84, 139)
811 596 (101, 79, 134)
812 412 (142, 88, 182)
812 413 (155, 99, 190)
812 414 (155, 99, 185)
812 415 (146, 91, 176)
812 592 (103, 81, 135)
812 596 (115, 93, 148)
813 412 (167, 108, 197)
813 416 (145, 93, 180)
813 417 (125, 79, 169)
813 592 (121, 99, 151)
813 597 (104, 82, 136)
813 788 (146, 134, 152)
813 789 (145, 133, 151)
813 790 (144, 133, 148)
813 791 (144, 134, 149)
813 792 (144, 132, 150)
814 411 (148, 87, 179)
814 417 (151, 97, 189)
814 418 (125, 79, 169)
814 592 (104, 86, 133)
814 596 (116, 97, 147)
814 597 (101, 79, 133)
814 786 (151, 139, 157)
814 787 (154, 142, 160)
814 792 (151, 143, 158)
814 793 (149, 141, 156)
814 794 (144, 135, 152)
815 411 (132, 77, 167)
815 412 (162, 100, 183)
815 418 (140, 88, 178)
815 592 (100, 79, 129)
815 593 (103, 85, 132)
815 594 (125, 105, 155)
815 595 (115, 96, 146)
815 596 (98, 77, 129)
815 785 (157, 146, 160)
815 786 (160, 149, 163)
815 794 (151, 143, 158)
815 795 (145, 136, 153)
816 412 (147, 90, 181)
816 418 (147, 95, 182)
816 783 (155, 147, 162)
816 784 (162, 154, 165)
816 795 (151, 143, 156)
817 412 (130, 77, 173)
817 413 (148, 90, 180)
817 418 (152, 99, 186)
817 419 (133, 83, 176)
817 781 (151, 143, 158)
817 782 (158, 150, 165)
817 783 (164, 156, 167)
817 796 (147, 140, 155)
818 414 (136, 80, 168)
818 415 (144, 88, 172)
818 418 (159, 105, 197)
818 780 (151, 142, 159)
818 781 (161, 153, 166)
818 796 (150, 142, 157)
819 416 (139, 85, 174)
819 417 (150, 95, 184)
819 779 (149, 140, 157)
819 780 (159, 151, 164)
819 796 (152, 144, 159)
819 797 (143, 134, 151)
820 565 (138, 106, 163)
820 566 (115, 85, 138)
820 567 (103, 74, 125)
820 568 (102, 72, 126)
820 778 (150, 141, 160)
820 779 (157, 149, 164)
820 797 (145, 136, 153)
821 564 (137, 105, 162)
821 565 (156, 123, 177)
821 568 (124, 93, 144)
821 569 (122, 91, 144)
821 778 (153, 145, 160)
821 796 (154, 150, 162)
821 797 (143, 139, 154)
822 564 (117, 84, 138)
822 569 (135, 103, 156)
822 777 (146, 137, 154)
822 778 (156, 148, 161)
822 797 (142, 138, 154)
823 564 (104, 72, 124)
823 777 (150, 142, 157)
823 797 (141, 136, 152)
824 564 (115, 80, 134)
824 565 (121, 86, 136)
824 569 (121, 87, 140)
824 777 (154, 146, 159)
824 797 (135, 130, 145)
825 565 (114, 80, 131)
825 566 (131, 94, 145)
825 567 (133, 96, 147)
825 568 (115, 81, 133)
825 569 (101, 69, 121)
825 777 (156, 148, 161)
825 797 (137, 132, 150)
826 777 (157, 149, 162)
826 796 (144, 135, 154)
827 777 (155, 147, 160)
827 795 (149, 144, 160)
827 796 (138, 128, 150)
828 777 (154, 146, 161)
828 793 (151, 147, 159)
828 794 (148, 139, 156)
828 795 (137, 128, 146)
829 777 (152, 144, 159)
829 792 (154, 150, 162)
829 793 (140, 135, 150)
830 777 (148, 139, 156)
830 778 (153, 148, 163)
830 790 (154, 153, 159)
830 791 (149, 148, 157)
830 792 (145, 141, 156)
831 778 (151, 143, 158)
831 779 (157, 149, 162)
831 789 (155, 151, 160)
831 790 (146, 143, 155)
832 779 (153, 141, 159)
832 780 (157, 146, 162)
832 788 (151, 146, 161)
832 789 (147, 140, 155)
833 781 (151, 139, 157)
833 782 (152, 143, 160)
833 783 (154, 146, 161)
833 784 (152, 147, 162)
833 785 (150, 145, 160)
833 786 (149, 144, 159)
833 787 (148, 143, 159)
845 557 (120, 73, 127)
846 555 (136, 86, 142)
846 556 (161, 109, 165)
846 557 (163, 108, 162)
846 558 (144, 91, 142)
846 559 (137, 84, 138)
846 560 (118, 70, 130)
847 77 (74, 54, 119)
847 78 (63, 45, 106)
847 79 (47, 31, 91)
847 80 (45, 31, 93)
847 555 (158, 104, 160)
847 560 (148, 92, 145)
847 561 (133, 80, 138)
848 76 (85, 62, 121)
848 77 (112, 85, 140)
848 81 (61, 50, 110)
848 82 (52, 42, 103)
848 555 (147, 93, 148)
848 561 (153, 93, 138)
848 562 (138, 80, 130)
849 76 (84, 59, 113)
849 82 (65, 56, 116)
849 83 (54, 45, 107)
849 555 (131, 78, 134)
849 556 (161, 102, 150)
849 562 (151, 91, 136)
849 563 (131, 74, 125)
850 76 (76, 53, 112)
850 83 (67, 57, 123)
850 84 (45, 37, 105)
850 556 (136, 78, 131)
850 557 (161, 99, 147)
850 563 (151, 94, 148)
851 76 (54, 35, 96)
851 77 (64, 42, 99)
851 84 (45, 37, 105)
851 557 (140, 82, 134)
851 558 (160, 98, 146)
851 562 (178, 120, 174)
851 845 (116, 85, 112)
851 846 (136, 106, 131)
851 847 (132, 101, 124)
851 848 (142, 102, 125)
851 849 (138, 99, 122)
852 77 (60, 42, 108)
852 78 (81, 62, 126)
852 79 (56, 40, 97)
852 84 (42, 34, 100)
852 559 (135, 78, 129)
852 560 (144, 86, 138)
852 561 (158, 102, 155)
852 562 (151, 97, 153)
852 844 (115, 85, 109)
852 845 (167, 133, 156)
852 850 (154, 114, 132)
852 851 (130, 93, 114)
853 80 (38, 27, 85)
853 81 (74, 62, 127)
853 83 (94, 80, 156)
853 84 (40, 33, 100)
853 844 (130, 98, 121)
853 852 (144, 110, 131)
854 81 (71, 59, 128)
854 82 (85, 72, 145)
854 83 (36, 29, 94)
854 844 (133, 103, 122)
854 853 (134, 101, 121)
855 844 (156, 127, 146)
855 853 (149, 112, 131)
856 844 (122, 93, 113)
856 845 (160, 130, 147)
856 853 (141, 104, 123)
857 845 (138, 112, 131)
857 846 (141, 119, 132)
857 852 (179, 140, 155)
857 853 (133, 100, 120)
857 967 (120, 25, 46)
858 846 (122, 100, 118)
858 847 (116, 94, 107)
858 848 (112, 84, 90)
858 849 (132, 100, 106)
858 850 (152, 120, 129)
858 851 (160, 125, 140)
858 852 (134, 101, 119)
858 967 (153, 30, 52)
859 965 (174, 36, 56)
859 966 (189, 46, 64)
860 964 (172, 35, 55)
860 965 (201, 51, 68)
861 964 (180, 36, 53)
862 964 (170, 33, 45)
863 162 (93, 49, 132)
863 163 (103, 57, 140)
863 164 (101, 53, 136)
863 165 (89, 43, 126)
863 964 (165, 35, 47)
863 965 (183, 44, 52)
864 161 (95, 43, 122)
864 162 (119, 63, 139)
864 165 (122, 66, 142)
864 166 (89, 41, 121)
864 965 (169, 36, 50)
864 966 (189, 47, 59)
865 161 (115, 56, 135)
865 166 (110, 59, 138)
865 966 (164, 35, 51)
865 967 (178, 40, 57)
866 161 (116, 55, 134)
866 166 (110, 55, 137)
867 161 (113, 52, 135)
867 166 (99, 49, 131)
868 161 (104, 46, 129)
868 162 (113, 54, 131)
868 165 (118, 62, 139)
868 166 (96, 47, 129)
869 162 (97, 44, 121)
869 163 (93, 41, 114)
869 164 (96, 47, 120)
869 165 (99, 51, 128)
875 52 (45, 24, 78)
876 50 (55, 29, 80)
876 51 (71, 43, 91)
876 52 (75, 48, 96)
876 53 (57, 35, 86)
876 54 (37, 18, 78)
876 148 (70, 38, 113)
876 149 (81, 46, 119)
876 150 (84, 52, 125)
876 151 (84, 56, 131)
876 152 (75, 56, 131)
877 49 (49, 16, 76)
877 50 (98, 62, 114)
877 54 (49, 28, 84)
877 147 (84, 52, 125)
877 148 (87, 50, 119)
877 152 (87, 64, 136)
878 49 (52, 19, 77)
878 54 (48, 27, 80)
878 147 (97, 59, 129)
878 153 (71, 52, 126)
879 50 (65, 33, 81)
879 53 (74, 50, 96)
879 54 (38, 18, 72)
879 147 (106, 66, 138)
879 152 (95, 65, 137)
880 50 (46, 21, 78)
880 51 (47, 25, 79)
880 52 (44, 24, 78)
880 53 (38, 18, 76)
880 147 (87, 52, 131)
880 151 (95, 62, 139)
880 152 (75, 51, 127)
881 128 (64, 32, 105)
881 129 (61, 33, 106)
881 147 (66, 40, 120)
881 148 (75, 42, 125)
881 149 (80, 47, 128)
881 150 (79, 48, 129)
881 151 (73, 45, 125)
882 127 (64, 27, 100)
882 128 (85, 45, 112)
882 130 (80, 46, 114)
883 126 (60, 28, 105)
883 131 (60, 28, 93)
883 550 (96, 77, 133)
883 551 (98, 79, 135)
883 552 (95, 74, 132)
884 126 (63, 31, 109)
884 131 (65, 33, 96)
884 548 (82, 64, 121)
884 549 (84, 68, 122)
884 552 (129, 111, 169)
884 553 (95, 76, 132)
885 126 (60, 31, 107)
885 127 (100, 56, 135)
885 130 (84, 43, 107)
885 131 (64, 28, 95)
885 548 (110, 96, 152)
885 553 (102, 84, 140)
886 127 (59, 25, 100)
886 128 (62, 26, 95)
886 129 (67, 31, 98)
886 130 (67, 32, 105)
886 548 (103, 90, 145)
886 553 (89, 76, 129)
887 547 (80, 65, 122)
887 553 (76, 63, 116)
888 548 (97, 80, 138)
888 552 (89, 76, 129)
889 548 (87, 71, 129)
889 551 (78, 65, 118)
889 552 (78, 63, 118)
890 549 (110, 93, 153)
890 550 (115, 97, 158)
890 551 (83, 65, 124)
895 432 (93, 60, 147)
895 433 (100, 66, 153)
895 434 (94, 63, 149)
895 435 (89, 58, 145)
895 436 (80, 51, 136)
896 432 (113, 79, 155)
896 436 (90, 62, 139)
896 437 (88, 60, 142)
896 646 (84, 61, 108)
896 647 (83, 61, 106)
896 648 (82, 60, 105)
897 432 (99, 67, 137)
897 437 (75, 51, 129)
897 645 (80, 60, 111)
897 646 (93, 75, 117)
897 648 (106, 89, 126)
897 649 (75, 59, 99)
898 432 (88, 57, 133)
898 437 (80, 52, 136)
898 645 (92, 76, 126)
898 649 (89, 74, 114)
899 433 (89, 58, 136)
899 434 (95, 63, 143)
899 436 (114, 82, 172)
899 437 (75, 49, 134)
899 645 (84, 68, 119)
899 649 (89, 76, 116)
900 435 (76, 47, 133)
900 645 (72, 52, 103)
900 646 (85, 68, 109)
900 648 (98, 80, 120)
900 649 (74, 58, 98)
901 646 (81, 58, 105)
901 647 (81, 62, 104)
915 215 (98, 33, 114)
915 216 (129, 49, 117)
915 217 (179, 87, 154)
915 218 (174, 86, 160)
915 219 (107, 44, 120)
916 214 (86, 25, 110)
916 215 (124, 40, 118)
916 219 (109, 43, 114)
917 214 (125, 47, 134)
917 219 (109, 45, 116)
918 214 (137, 56, 141)
918 219 (99, 40, 114)
919 54 (56, 34, 90)
919 55 (60, 37, 92)
919 56 (50, 31, 86)
919 214 (101, 33, 108)
919 218 (121, 48, 118)
919 219 (81, 31, 107)
920 53 (63, 37, 92)
920 54 (79, 51, 104)
920 57 (66, 45, 99)
920 215 (153, 68, 145)
920 216 (162, 73, 148)
920 217 (122, 44, 116)
920 218 (87, 33, 110)
921 53 (77, 49, 101)
921 58 (51, 34, 86)
922 53 (76, 48, 99)
922 58 (50, 34, 83)
923 53 (74, 47, 98)
923 57 (71, 50, 99)
923 58 (44, 27, 77)
924 53 (55, 30, 83)
924 54 (76, 49, 103)
924 55 (97, 68, 125)
924 56 (75, 50, 104)
924 57 (52, 31, 83)
931 118 (49, 35, 98)
931 119 (32, 21, 87)
932 117 (92, 67, 129)
932 120 (52, 31, 97)
932 121 (40, 21, 92)
933 116 (64, 41, 102)
933 121 (62, 33, 97)
933 122 (46, 21, 94)
933 545 (79, 64, 113)
933 546 (89, 73, 124)
934 116 (58, 32, 97)
934 117 (89, 53, 116)
934 122 (64, 31, 96)
934 123 (47, 20, 92)
934 543 (64, 50, 99)
934 544 (97, 81, 127)
934 545 (121, 104, 151)
934 547 (82, 66, 114)
934 548 (78, 62, 112)
934 961 (29, 14, 32)
934 962 (45, 31, 47)
934 963 (37, 24, 42)
934 964 (28, 13, 32)
935 117 (58, 26, 89)
935 123 (71, 38, 109)
935 542 (70, 55, 109)
935 543 (88, 72, 123)
935 548 (88, 72, 121)
935 549 (69, 55, 104)
935 961 (37, 24, 39)
935 965 (31, 18, 36)
936 117 (48, 14, 87)
936 118 (68, 29, 92)
936 124 (54, 31, 103)
936 542 (94, 81, 138)
936 549 (99, 83, 135)
936 961 (38, 25, 40)
936 966 (33, 20, 40)
937 119 (63, 25, 88)
937 120 (82, 40, 101)
937 123 (95, 58, 131)
937 124 (73, 47, 121)
937 542 (104, 91, 148)
937 549 (97, 81, 133)
937 961 (32, 17, 32)
937 965 (32, 19, 37)
937 966 (28, 14, 34)
938 120 (55, 25, 93)
938 121 (66, 35, 104)
938 122 (68, 39, 109)
938 543 (86, 70, 122)
938 548 (95, 77, 126)
938 549 (85, 67, 119)
938 961 (36, 23, 39)
938 962 (32, 19, 37)
938 964 (39, 27, 45)
938 965 (34, 22, 40)
939 543 (75, 57, 110)
939 544 (78, 60, 106)
939 545 (82, 64, 108)
939 546 (103, 85, 132)
939 547 (97, 79, 128)
939 548 (81, 63, 113)
939 963 (36, 26, 43)
942 638 (93, 41, 89)
942 639 (100, 46, 94)
942 640 (87, 46, 100)
943 637 (91, 49, 98)
943 640 (92, 50, 101)
943 641 (75, 45, 97)
944 636 (83, 49, 92)
944 641 (76, 46, 97)
945 636 (77, 46, 86)
945 637 (99, 63, 98)
945 641 (74, 46, 96)
946 637 (75, 42, 79)
946 638 (104, 69, 104)
946 639 (105, 69, 108)
946 640 (81, 51, 99)
947 639 (73, 43, 84)
958 161 (108, 33, 105)
958 162 (117, 43, 121)
958 163 (110, 44, 121)
958 691 (64, 43, 90)
959 159 (82, 28, 100)
959 160 (122, 42, 111)
959 163 (171, 86, 165)
959 164 (131, 65, 144)
959 391 (75, 58, 141)
959 392 (79, 62, 145)
959 393 (57, 42, 120)
959 690 (109, 84, 131)
959 691 (99, 73, 119)
959 692 (78, 53, 98)
959 693 (60, 36, 81)
960 159 (121, 36, 107)
960 164 (124, 59, 132)
960 390 (72, 60, 131)
960 391 (91, 80, 147)
960 393 (88, 86, 150)
960 394 (35, 37, 97)
960 689 (89, 61, 105)
960 693 (94, 67, 106)
960 694 (57, 36, 73)
961 159 (146, 50, 122)
961 164 (92, 37, 105)
961 390 (87, 74, 143)
961 395 (47, 48, 116)
961 689 (73, 46, 87)
961 694 (88, 65, 102)
961 695 (64, 43, 79)
962 159 (166, 78, 154)
962 163 (100, 40, 106)
962 164 (74, 32, 101)
962 390 (90, 76, 151)
962 395 (85, 80, 158)
962 689 (62, 35, 76)
962 690 (76, 52, 91)
962 695 (69, 47, 87)
963 159 (145, 72, 149)
963 160 (152, 73, 141)
963 161 (129, 57, 121)
963 162 (94, 37, 102)
963 163 (73, 29, 95)
963 390 (60, 47, 121)
963 391 (80, 67, 140)
963 394 (113, 107, 186)
963 395 (79, 73, 155)
963 676 (65, 42, 85)
963 690 (62, 40, 79)
963 691 (91, 65, 105)
963 695 (92, 68, 111)
964 160 (83, 32, 99)
964 161 (77, 28, 93)
964 391 (49, 38, 109)
964 392 (56, 46, 117)
964 393 (54, 46, 117)
964 394 (42, 40, 114)
964 674 (64, 41, 82)
964 675 (77, 52, 95)
964 677 (85, 60, 104)
964 678 (64, 42, 85)
964 691 (52, 33, 72)
964 692 (77, 54, 95)
964 694 (122, 96, 141)
964 695 (82, 59, 104)
965 674 (71, 48, 88)
965 678 (70, 48, 91)
965 693 (64, 43, 84)
965 694 (64, 43, 84)
966 674 (77, 52, 95)
966 678 (73, 50, 94)
967 674 (71, 47, 91)
967 675 (93, 67, 113)
967 677 (102, 78, 124)
967 678 (66, 47, 90)
968 675 (62, 40, 85)
968 676 (67, 44, 89)
968 677 (63, 40, 85)
972 69 (33, 16, 75)
972 70 (33, 15, 74)
972 71 (36, 22, 81)
972 72 (41, 28, 89)
972 73 (31, 16, 79)
973 68 (53, 36, 91)
973 74 (31, 18, 80)
974 65 (33, 24, 78)
974 66 (58, 49, 103)
974 67 (75, 62, 119)
974 74 (32, 16, 75)
975 64 (33, 25, 76)
975 65 (50, 42, 92)
975 67 (102, 94, 148)
975 73 (36, 28, 80)
975 74 (30, 13, 72)
975 139 (144, 47, 126)
975 140 (139, 47, 126)
976 64 (44, 41, 83)
976 68 (29, 24, 69)
976 71 (28, 21, 77)
976 72 (29, 19, 79)
976 73 (26, 16, 78)
976 141 (173, 63, 136)
976 142 (157, 54, 126)
977 63 (30, 23, 75)
977 68 (27, 25, 71)
977 143 (177, 63, 129)
977 144 (161, 54, 121)
978 64 (53, 49, 95)
978 67 (31, 31, 77)
978 68 (24, 19, 70)
978 137 (143, 40, 111)
978 138 (180, 60, 129)
978 145 (182, 64, 129)
978 146 (156, 52, 123)
979 64 (32, 29, 78)
979 65 (46, 44, 91)
979 66 (37, 34, 83)
979 67 (21, 16, 68)
979 138 (154, 47, 116)
979 139 (187, 63, 130)
979 146 (189, 74, 136)
979 147 (157, 53, 122)
980 139 (157, 47, 112)
980 140 (200, 73, 135)
980 147 (192, 77, 137)
980 148 (162, 55, 122)
980 194 (162, 87, 155)
980 195 (173, 96, 160)
980 196 (168, 93, 157)
981 140 (149, 44, 107)
981 141 (193, 72, 127)
981 148 (202, 78, 143)
981 149 (167, 56, 126)
981 193 (166, 89, 152)
981 194 (200, 127, 178)
981 196 (196, 132, 179)
981 197 (155, 95, 148)
982 141 (151, 46, 109)
982 142 (184, 67, 126)
982 147 (223, 93, 150)
982 192 (151, 71, 134)
982 193 (204, 123, 173)
982 198 (145, 90, 147)
983 142 (138, 41, 108)
983 143 (164, 57, 118)
983 144 (187, 75, 131)
983 192 (167, 81, 142)
983 198 (153, 99, 152)
984 144 (140, 38, 108)
984 145 (160, 49, 117)
984 146 (184, 61, 130)
984 147 (192, 65, 135)
984 148 (187, 61, 130)
984 192 (168, 82, 143)
984 198 (142, 87, 142)
985 148 (151, 43, 116)
985 149 (148, 41, 114)
985 193 (175, 99, 150)
985 197 (172, 125, 165)
985 198 (128, 72, 130)
986 194 (149, 83, 137)
986 195 (155, 91, 139)
986 196 (152, 91, 140)
986 197 (130, 71, 128)
986 894 (137, 116, 121)
986 895 (137, 116, 121)
986 896 (134, 113, 118)
986 897 (132, 108, 116)
986 898 (128, 104, 111)
987 887 (135, 114, 119)
987 888 (138, 117, 119)
987 889 (142, 120, 122)
987 890 (143, 121, 123)
987 891 (144, 121, 124)
987 892 (145, 124, 124)
987 893 (145, 124, 124)
987 898 (131, 114, 116)
987 899 (131, 110, 115)
987 900 (125, 104, 110)
987 901 (120, 99, 106)
987 902 (113, 92, 101)
988 869 (76, 53, 77)
988 870 (77, 56, 79)
988 871 (80, 59, 80)
988 872 (85, 64, 84)
988 873 (83, 63, 80)
988 874 (88, 67, 85)
988 875 (94, 73, 89)
988 876 (97, 75, 92)
988 877 (101, 80, 94)
988 878 (107, 85, 100)
988 881 (115, 93, 103)
988 882 (118, 96, 106)
988 883 (124, 103, 110)
988 884 (131, 110, 117)
988 885 (133, 116, 120)
988 886 (138, 121, 122)
988 902 (121, 103, 110)
988 903 (118, 97, 104)
988 904 (110, 89, 98)
988 905 (105, 84, 94)
988 906 (101, 78, 91)
988 907 (96, 74, 88)
989 879 (114, 93, 103)
989 880 (119, 98, 105)
989 881 (123, 102, 107)
989 882 (128, 107, 111)
989 906 (111, 87, 98)
989 907 (100, 77, 90)
989 908 (94, 67, 83)
